1 0.75859375 0.6390625 0.18984375 0.478125
1 0.5828125 0.5609375 0.1921875 0.48828125
1 0.4359375 0.4859375 0.165625 0.3796875
1 0.33046875 0.48203125 0.1828125 0.34375
0 0.209375 0.41796875 0.1390625 0.30546875
1 0.36640625 0.2796875 0.125 0.209375
1 0.47109375 0.334375 0.1390625 0.25703125
1 0.63671875 0.3703125 0.146875 0.21875
1 0.75390625 0.39921875 0.14921875 0.2859375
0 0.821875 0.29921875 0.134375 0.2046875
1 0.71171875 0.271875 0.12734375 0.165625
1 0.58515625 0.25859375 0.1390625 0.16796875
1 0.52890625 0.26953125 0.103125 0.16328125
1 0.0953125 0.26328125 0.1078125 0.165625
1 0.8609375 0.2171875 0.103125 0.178125