0 0.2125 0.6859375 0.1875 0.40625
0 0.08671875 0.69921875 0.1734375 0.38203125
0 0.525 0.75859375 0.2328125 0.40859375
0 0.3890625 0.37734375 0.05078125 0.11328125
0 0.32421875 0.3921875 0.05078125 0.11328125
0 0.50703125 0.41484375 0.05546875 0.115625
0 0.1828125 0.41953125 0.06953125 0.146875
0 0.60078125 0.4265625 0.0484375 0.13203125
0 0.8859375 0.44921875 0.06953125 0.18046875
0 0.4203125 0.4671875 0.06953125 0.15390625
0 0.27734375 0.478125 0.0625 0.1515625
0 0.53515625 0.490625 0.071875 0.1609375
0 0.3734375 0.67421875 0.1921875 0.43984375