0 0.290625 0.78984375 0.20703125 0.4203125
0 0.265625 0.6078125 0.16796875 0.228125
0 0.4421875 0.63125 0.1203125 0.2359375
0 0.43046875 0.80078125 0.209375 0.3890625
0 0.2484375 0.47265625 0.0984375 0.1703125
0 0.446875 0.49296875 0.13671875 0.20703125
0 0.9046875 0.4890625 0.10546875 0.19921875
0 0.33984375 0.4796875 0.1421875 0.21640625
0 0.56953125 0.48671875 0.1109375 0.13203125
0 0.80859375 0.51953125 0.14453125 0.240625
0 0.13359375 0.5734375 0.18515625 0.240625
0 0.93125 0.61796875 0.13671875 0.29296875
1 0.11796875 0.85703125 0.2359375 0.2859375
1 0.64921875 0.82109375 0.21171875 0.3578125