0 0.31640625 0.69375 0.165625 0.415625
0 0.56015625 0.31484375 0.125 0.13671875
0 0.3328125 0.36796875 0.125 0.15859375
0 0.4515625 0.36640625 0.16796875 0.1515625
0 0.24765625 0.365625 0.12265625 0.178125
0 0.90625 0.48203125 0.1875 0.30078125
0 0.8125 0.375 0.134375 0.1734375
0 0.1234375 0.45546875 0.1828125 0.2359375
1 0.56640625 0.4984375 0.146875 0.20703125
0 0.4625 0.67578125 0.20703125 0.46640625
1 0.11328125 0.734375 0.22578125 0.384375
0 0.8796875 0.3703125 0.15390625 0.20703125
0 0.65625 0.74609375 0.22109375 0.459375