1 0.7140625 0.71875 0.2234375 0.40859375
1 0.5375 0.6140625 0.196875 0.446875
1 0.39453125 0.60546875 0.178125 0.428125
0 0.28359375 0.5640625 0.178125 0.36796875
0 0.16328125 0.5046875 0.196875 0.33671875
0 0.5875 0.46171875 0.1515625 0.21640625
0 0.80546875 0.31640625 0.1203125 0.16796875
1 0.0640625 0.3609375 0.10546875 0.178125
1 0.3375 0.3890625 0.15390625 0.24765625
1 0.4375 0.4359375 0.13203125 0.18515625
1 0.7140625 0.5203125 0.19921875 0.25703125
1 0.7640625 0.39296875 0.11796875 0.165625
1 0.6578125 0.3890625 0.12734375 0.17578125
0 0.546875 0.353125 0.1203125 0.1703125
0 0.46640625 0.3421875 0.103125 0.134375