0 0.63359375 0.67890625 0.2671875 0.42578125
0 0.34140625 0.728125 0.196875 0.3703125
0 0.484375 0.69375 0.15625 0.43515625
0 0.640625 0.33515625 0.103125 0.134375
0 0.43359375 0.37890625 0.1421875 0.16796875
0 0.66015625 0.39765625 0.08671875 0.1609375
0 0.89765625 0.40859375 0.09609375 0.17578125
0 0.54453125 0.42890625 0.11796875 0.20703125
0 0.25703125 0.50390625 0.23828125 0.2640625
0 0.4015625 0.50859375 0.1609375 0.21875
1 0.83046875 0.66953125 0.24296875 0.415625
1 0.1515625 0.74765625 0.21171875 0.35078125