0 0.390625 0.65390625 0.125 0.35546875
0 0.2234375 0.62109375 0.21875 0.25703125
1 0.6609375 0.75703125 0.16796875 0.3796875
0 0.46015625 0.39765625 0.103125 0.13671875
0 0.09765625 0.43046875 0.10078125 0.22578125
0 0.5328125 0.4046875 0.0796875 0.1421875
0 0.3234375 0.4578125 0.13671875 0.22578125
0 0.63828125 0.44140625 0.11796875 0.16796875
0 0.7515625 0.45546875 0.11328125 0.146875
0 0.428125 0.49609375 0.09375 0.20703125
1 0.57578125 0.5140625 0.103125 0.25703125
0 0.12734375 0.5578125 0.17578125 0.27890625
0 0.678125 0.5515625 0.12734375 0.2671875
0 0.49140625 0.6578125 0.1203125 0.41328125
0 0.796875 0.4171875 0.12734375 0.22109375
0 0.73828125 0.2875 0.0625 0.11328125