1 0.46484375 0.63671875 0.08671875 0.20703125
0 0.26328125 0.6421875 0.09375 0.22578125
1 0.65234375 0.665625 0.0984375 0.24765625
0 0.09609375 0.69140625 0.1203125 0.24765625
0 0.2859375 0.3859375 0.053125 0.1109375
0 0.359375 0.396875 0.0625 0.1109375
0 0.97421875 0.4 0.0515625 0.165625
1 0.47578125 0.4015625 0.04296875 0.115625
0 0.5734375 0.415625 0.05546875 0.115625
0 0.85 0.43515625 0.0625 0.13671875
0 0.13203125 0.475 0.0796875 0.1421875
0 0.4890625 0.490625 0.06953125 0.146875
0 0.2953125 0.50703125 0.0765625 0.13203125