1 0.5578125 0.69140625 0.24296875 0.384375
0 0.3796875 0.728125 0.19921875 0.446875
0 0.2140625 0.7484375 0.228125 0.4421875
0 0.08046875 0.7859375 0.1609375 0.428125
0 0.6265625 0.41328125 0.14453125 0.2140625
0 0.5828125 0.38671875 0.0625 0.125
0 0.265625 0.4203125 0.0890625 0.1734375
0 0.3546875 0.43125 0.1109375 0.1703125
0 0.0296875 0.45390625 0.059375 0.2015625
0 0.7765625 0.51171875 0.1875 0.2953125
0 0.6921875 0.484375 0.125 0.2359375
0 0.4328125 0.5359375 0.1078125 0.23828125
0 0.93046875 0.584375 0.134375 0.34140625
0 0.1296875 0.42890625 0.1203125 0.12265625