1 0.52265625 0.77890625 0.2328125 0.4203125
1 0.31484375 0.71015625 0.209375 0.4421875
0 0.1890625 0.7078125 0.14921875 0.365625
0 0.07109375 0.70546875 0.1421875 0.3125
0 0.1546875 0.50859375 0.1390625 0.2671875
0 0.24765625 0.53828125 0.084375 0.2328125
0 0.38671875 0.53984375 0.115625 0.26171875
0 0.50859375 0.56015625 0.165625 0.2546875
0 0.30546875 0.43125 0.10078125 0.15859375
0 0.3546875 0.421875 0.1078125 0.16796875
0 0.47109375 0.459375 0.084375 0.1875
0 0.58046875 0.4703125 0.11328125 0.17578125
0 0.6203125 0.4171875 0.10546875 0.1828125
1 0.84375 0.4953125 0.146875 0.22109375
0 0.95546875 0.484375 0.0890625 0.21640625