1 0.796875 0.84609375 0.19453125 0.3078125
0 0.6234375 0.8328125 0.16328125 0.334375
1 0.46875 0.859375 0.15625 0.28125
1 0.33671875 0.87109375 0.22578125 0.23828125
1 0.93515625 0.6515625 0.1296875 0.25
1 0.6609375 0.6875 0.1734375 0.2015625
0 0.5265625 0.6890625 0.13203125 0.2453125
1 0.359375 0.73046875 0.178125 0.2328125
1 0.18984375 0.71171875 0.14453125 0.31484375
1 0.25234375 0.58984375 0.08671875 0.1515625
1 0.3390625 0.5828125 0.1203125 0.21171875
0 0.47109375 0.553125 0.1109375 0.18515625
0 0.56015625 0.5609375 0.11796875 0.17578125
0 0.771875 0.53828125 0.0796875 0.165625
0 0.8609375 0.5046875 0.11328125 0.18984375
0 0.509375 0.47109375 0.1296875 0.1421875
0 0.10546875 0.88203125 0.1921875 0.2359375