0 0.5609375 0.56015625 0.0671875 0.2140625
1 0.71015625 0.640625 0.0984375 0.18046875
0 0.55859375 0.365625 0.053125 0.11796875
0 0.1203125 0.36875 0.05078125 0.103125
0 0.49765625 0.37109375 0.04296875 0.09375
0 0.36796875 0.4015625 0.0453125 0.14453125
0 0.68515625 0.4171875 0.05546875 0.1109375
0 0.7796875 0.42890625 0.05546875 0.10546875
0 0.46015625 0.44921875 0.05078125 0.13671875
0 0.6 0.45078125 0.06015625 0.12265625
0 0.72265625 0.4890625 0.0796875 0.1421875
0 0.1828125 0.49375 0.0671875 0.15625
0 0.40625 0.55078125 0.0671875 0.16796875
0 0.2671875 0.5515625 0.0671875 0.196875