1 0.7203125 0.76953125 0.1875 0.4015625
0 0.5359375 0.73046875 0.165625 0.490625
0 0.365625 0.73203125 0.2015625 0.4515625
0 0.16484375 0.77421875 0.21171875 0.415625
0 0.05078125 0.709375 0.10078125 0.35078125
0 0.19375 0.5046875 0.1703125 0.3078125
0 0.14296875 0.334375 0.1203125 0.25703125
0 0.3078125 0.4046875 0.0765625 0.15859375
0 0.39921875 0.4125 0.0890625 0.19453125
0 0.32421875 0.5421875 0.1390625 0.2546875
1 0.50234375 0.5421875 0.1078125 0.25234375
0 0.64453125 0.5421875 0.19921875 0.22578125
0 0.50859375 0.4171875 0.09375 0.1875
0 0.615625 0.41328125 0.11796875 0.14921875
0 0.6359375 0.35546875 0.0890625 0.13203125
0 0.87890625 0.4375 0.1734375 0.178125
0 0.97421875 0.43828125 0.0515625 0.2359375