0 0.3140625 0.4234375 0.178125 0.2515625
0 0.2609375 0.584375 0.2265625 0.3421875
0 0.57734375 0.5796875 0.1875 0.3546875
0 0.81875 0.528125 0.23125 0.359375
0 0.128125 0.38359375 0.1265625 0.2828125
0 0.04296875 0.32734375 0.0859375 0.234375
0 0.17734375 0.27578125 0.06875 0.1265625
0 0.21015625 0.26640625 0.05 0.109375
0 0.29375 0.26796875 0.0453125 0.0875
0 0.271875 0.31171875 0.071875 0.1046875
0 0.36953125 0.33515625 0.096875 0.1609375
0 0.3265625 0.2296875 0.028125 0.0703125
0 0.35 0.23828125 0.0453125 0.0578125
0 0.4 0.28515625 0.05625 0.0921875
0 0.4296875 0.23515625 0.0421875 0.0796875
0 0.51328125 0.384375 0.1 0.240625
0 0.5703125 0.3359375 0.05625 0.11875
0 0.67890625 0.328125 0.096875 0.175
1 0.74296875 0.384375 0.1109375 0.1734375
0 0.940625 0.41953125 0.11875 0.184375
0 0.8375 0.3265625 0.0734375 0.1046875
1 0.90078125 0.33828125 0.0765625 0.1171875
0 0.9421875 0.28671875 0.0546875 0.1046875
0 0.97265625 0.278125 0.04375 0.071875
0 0.80546875 0.26328125 0.0765625 0.1015625
1 0.73359375 0.29921875 0.0546875 0.096875
0 0.75703125 0.23828125 0.04375 0.0734375
0 0.67265625 0.23828125 0.0359375 0.0578125
0 0.6203125 0.2828125 0.05625 0.0828125
0 0.65 0.29765625 0.0578125 0.0984375
1 0.8703125 0.23515625 0.0515625 0.0640625
1 0.8890625 0.26953125 0.05 0.078125
0 0.53046875 0.2375 0.0453125 0.0734375
1 0.50390625 0.23359375 0.0453125 0.0703125
0 0.1 0.234375 0.0453125 0.071875
0 0.14296875 0.23828125 0.0375 0.090625
1 0.609375 0.24453125 0.040625 0.0375
0 0.23515625 0.24140625 0.075 0.109375