0 0.8375 0.61953125 0.2796875 0.6
0 0.58203125 0.68359375 0.23125 0.5703125
1 0.25390625 0.66640625 0.3125 0.5046875
1 0.30390625 0.446875 0.215625 0.275
0 0.125 0.40625 0.140625 0.31875
0 0.0484375 0.34453125 0.096875 0.2765625
1 0.18515625 0.35 0.1125 0.2890625
1 0.3765625 0.3375 0.1125 0.175
0 0.51796875 0.3671875 0.1140625 0.2203125
0 0.56640625 0.35390625 0.0953125 0.128125
0 0.68515625 0.3484375 0.1078125 0.203125
1 0.89765625 0.3296875 0.0921875 0.13125
1 0.878125 0.2765625 0.0640625 0.084375
0 0.8125 0.2640625 0.071875 0.096875
0 0.29296875 0.26640625 0.06875 0.096875
1 0.43515625 0.23984375 0.04375 0.075
0 0.66484375 0.23125 0.0609375 0.065625
0 0.75703125 0.25390625 0.065625 0.1296875