0 0.41484375 0.61875 0.08671875 0.20703125
1 0.609375 0.62265625 0.07421875 0.20703125
0 0.25703125 0.63125 0.1109375 0.23046875
1 0.81640625 0.678125 0.0890625 0.2359375
0 0.4234375 0.3734375 0.0453125 0.09140625
0 0.49296875 0.3734375 0.0578125 0.1515625
0 0.60078125 0.3921875 0.053125 0.1078125
1 0.71640625 0.43125 0.05078125 0.115625
0 0.31640625 0.4375 0.0671875 0.1609375
0 0.4421875 0.49140625 0.06953125 0.1421875
0 0.64296875 0.50703125 0.0671875 0.146875
0 0.07421875 0.5453125 0.09140625 0.1828125