1 0.27890625 0.5875 0.0890625 0.22578125
0 0.79296875 0.2953125 0.03828125 0.08671875
0 0.7390625 0.321875 0.05546875 0.09375
1 0.30078125 0.33671875 0.06015625 0.115625
0 0.4421875 0.3453125 0.06015625 0.11796875
1 0.21640625 0.3734375 0.0484375 0.103125
1 0.91015625 0.38125 0.0625 0.16796875
1 0.15 0.41796875 0.084375 0.18046875
1 0.4984375 0.42421875 0.0671875 0.13203125
1 0.32109375 0.45546875 0.06484375 0.1421875
1 0.6046875 0.51171875 0.08203125 0.2046875
1 0.75234375 0.5140625 0.08671875 0.1828125
1 0.44375 0.53828125 0.084375 0.2046875