0 0.5671875 0.67265625 0.2484375 0.5484375
0 0.840625 0.63359375 0.2625 0.5984375
0 0.94765625 0.39609375 0.1046875 0.1390625
0 0.13046875 0.35703125 0.14375 0.2171875
0 0.04765625 0.3109375 0.0953125 0.2171875
0 0.18203125 0.31171875 0.1125 0.184375
0 0.3203125 0.40234375 0.165625 0.2140625
0 0.240625 0.66484375 0.275 0.5078125
0 0.2125 0.25859375 0.0640625 0.103125
0 0.3 0.26875 0.065625 0.1015625
0 0.3125 0.2578125 0.0390625 0.059375
0 0.3234375 0.22734375 0.0375 0.0515625
0 0.34609375 0.2359375 0.03125 0.053125
0 0.42890625 0.23671875 0.028125 0.059375
0 0.3984375 0.26953125 0.0421875 0.0765625
0 0.51875 0.33125 0.0828125 0.134375
0 0.5640625 0.3296875 0.0484375 0.0953125
0 0.6890625 0.315625 0.0609375 0.09375
0 0.73828125 0.38046875 0.08125 0.1484375
0 0.65234375 0.29609375 0.0421875 0.0765625
0 0.6203125 0.28359375 0.053125 0.075
0 0.73125 0.2953125 0.0515625 0.0828125
0 0.75625 0.24140625 0.05 0.0640625
0 0.66640625 0.2390625 0.046875 0.059375
0 0.5328125 0.2328125 0.028125 0.0609375
0 0.815625 0.25625 0.046875 0.09375
0 0.87109375 0.2359375 0.0375 0.075
0 0.91171875 0.3109375 0.05 0.09375
0 0.94140625 0.26953125 0.0359375 0.071875
0 0.96328125 0.27109375 0.0296875 0.0671875
0 0.89140625 0.2671875 0.0375 0.0640625