0 0.1828125 0.58984375 0.08671875 0.1703125
0 0.86640625 0.60078125 0.09609375 0.23046875
0 0.22578125 0.40859375 0.05546875 0.125
0 0.8265625 0.40859375 0.05078125 0.11796875
1 0.1359375 0.42421875 0.0671875 0.11796875
0 0.35234375 0.44140625 0.0453125 0.134375
0 0.4359375 0.446875 0.06484375 0.12734375
1 0.7078125 0.459375 0.0765625 0.14921875
0 0.91796875 0.46015625 0.07421875 0.15859375
0 0.7953125 0.4859375 0.06484375 0.16796875
0 0.2609375 0.49765625 0.0796875 0.14453125
0 0.08984375 0.51171875 0.06953125 0.15390625