0 0.73828125 0.63359375 0.20703125 0.4328125
0 0.3796875 0.58046875 0.1875 0.428125
0 0.52734375 0.6046875 0.178125 0.4828125
0 0.06640625 0.60703125 0.13203125 0.3890625
0 0.1828125 0.63359375 0.25703125 0.40859375
0 0.2046875 0.3578125 0.1828125 0.29296875
0 0.5046875 0.3953125 0.13203125 0.23046875
0 0.615625 0.40234375 0.17578125 0.24296875
0 0.32578125 0.265625 0.10546875 0.18984375
0 0.4125 0.24609375 0.134375 0.21875
1 0.634375 0.27890625 0.1296875 0.16328125
0 0.640625 0.20546875 0.10546875 0.1390625
1 0.521875 0.2609375 0.12265625 0.1703125
1 0.3421875 0.36875 0.1421875 0.18515625
0 0.9015625 0.30078125 0.1390625 0.17578125