0 0.0453125 0.32578125 0.090625 0.221875
0 0.12265625 0.434375 0.1265625 0.3609375
0 0.18671875 0.3015625 0.0875 0.125
0 0.259375 0.303125 0.0578125 0.09375
0 0.328125 0.378125 0.1171875 0.1703125
0 0.26953125 0.6125 0.159375 0.4640625
1 0.53515625 0.6890625 0.18125 0.4703125
0 0.634375 0.41328125 0.125 0.1453125
1 0.8125 0.6234375 0.184375 0.4234375
0 0.64765625 0.30234375 0.0796875 0.1109375
0 0.5265625 0.340625 0.078125 0.1171875
0 0.5015625 0.309375 0.0640625 0.0921875
0 0.38671875 0.28203125 0.0609375 0.09375
0 0.30703125 0.25859375 0.0515625 0.084375
0 0.23984375 0.23203125 0.0625 0.078125
0 0.3625 0.23125 0.0453125 0.0515625
0 0.42265625 0.22578125 0.05 0.084375
0 0.49921875 0.24375 0.0390625 0.06875
0 0.53359375 0.25 0.0375 0.08125
0 0.58984375 0.25625 0.0328125 0.0796875
0 0.67578125 0.25234375 0.0390625 0.0640625
0 0.70234375 0.2625 0.0421875 0.06875
0 0.73984375 0.29140625 0.0421875 0.0890625
0 0.78203125 0.31015625 0.059375 0.0984375
0 0.734375 0.39765625 0.0875 0.13125
0 0.84296875 0.32890625 0.090625 0.1421875
0 0.8390625 0.284375 0.0546875 0.078125
0 0.95 0.415625 0.1 0.1421875
0 0.95625 0.34609375 0.0765625 0.0984375
0 0.9546875 0.2953125 0.0546875 0.084375
0 0.8953125 0.29765625 0.053125 0.0875
0 0.9171875 0.25859375 0.0421875 0.06875
0 0.88671875 0.24921875 0.0390625 0.071875
0 0.81484375 0.25390625 0.053125 0.075
0 0.96484375 0.2625 0.0421875 0.0578125
0 0.1375 0.22890625 0.053125 0.075
0 0.11328125 0.2453125 0.053125 0.09375