0 0.61640625 0.5578125 0.08671875 0.1828125
1 0.76328125 0.66015625 0.08203125 0.2015625
0 0.615625 0.36328125 0.03828125 0.10078125
0 0.5453125 0.37265625 0.0484375 0.0890625
0 0.41953125 0.4 0.0484375 0.1296875
0 0.7390625 0.41796875 0.05078125 0.12265625
0 0.8328125 0.43984375 0.05546875 0.12734375
0 0.50703125 0.4421875 0.05546875 0.11328125
0 0.2453125 0.46015625 0.07421875 0.18046875
0 0.775 0.490625 0.07421875 0.1390625
1 0.3234375 0.5328125 0.0796875 0.18515625
0 0.459375 0.55078125 0.0671875 0.1734375