1 0.62890625 0.74296875 0.19453125 0.39921875
1 0.44140625 0.65859375 0.2046875 0.375
1 0.32109375 0.65 0.2140625 0.37265625
0 0.18125 0.65390625 0.209375 0.34140625
0 0.078125 0.5640625 0.15625 0.31484375
0 0.26953125 0.46171875 0.14921875 0.259375
1 0.3640625 0.52421875 0.15625 0.22578125
0 0.49609375 0.515625 0.165625 0.25234375
0 0.615625 0.54296875 0.196875 0.2546875
0 0.5828125 0.4484375 0.1078125 0.17578125
0 0.6890625 0.45546875 0.0984375 0.18984375
1 0.725 0.38125 0.09375 0.1515625
1 0.4109375 0.4125 0.09609375 0.17578125
0 0.47265625 0.4109375 0.12265625 0.15859375
0 0.77734375 0.28125 0.11328125 0.16328125
0 0.6390625 0.2875 0.071875 0.1421875