0 0.10546875 0.69765625 0.2109375 0.4234375
0 0.28984375 0.7015625 0.2234375 0.3921875
0 0.4640625 0.671875 0.2140625 0.5
0 0.95625 0.3203125 0.0875 0.19375
0 0.36875 0.30625 0.06015625 0.115625
0 0.8296875 0.3546875 0.11796875 0.196875
0 0.6109375 0.321875 0.040625 0.09375
0 0.52890625 0.3265625 0.05546875 0.115625
0 0.28828125 0.3328125 0.05546875 0.1203125
0 0.2609375 0.4421875 0.18984375 0.26171875
0 0.6265625 0.4234375 0.06015625 0.1421875
0 0.3796875 0.42890625 0.06953125 0.15859375
0 0.49609375 0.46875 0.22578125 0.22578125
0 0.81484375 0.6390625 0.209375 0.45703125
0 0.63359375 0.6265625 0.17578125 0.4015625