0 0.18359375 0.74765625 0.18515625 0.490625
0 0.8734375 0.74296875 0.25234375 0.5140625
0 0.23828125 0.4421875 0.13671875 0.16796875
0 0.821875 0.46171875 0.11328125 0.21875
0 0.146875 0.44609375 0.12734375 0.1515625
0 0.35234375 0.47109375 0.084375 0.18984375
0 0.453125 0.48203125 0.0984375 0.196875
0 0.68125 0.49765625 0.1296875 0.22578125
1 0.93359375 0.5296875 0.13203125 0.27890625
0 0.78515625 0.56875 0.15390625 0.31484375
0 0.26171875 0.56640625 0.15390625 0.2859375
0 0.10546875 0.57421875 0.1390625 0.28359375
1 0.48671875 0.39765625 0.11328125 0.1515625
1 0.35546875 0.77890625 0.1828125 0.41796875