0 0.1109375 0.6140625 0.103125 0.2546875
0 0.303125 0.61640625 0.1109375 0.22109375
0 0.45703125 0.63671875 0.08671875 0.43046875
0 0.94140625 0.290625 0.05546875 0.134375
0 0.36875 0.30625 0.06015625 0.115625
0 0.8546875 0.3171875 0.0671875 0.12265625
0 0.6109375 0.321875 0.040625 0.09375
0 0.52890625 0.3265625 0.05546875 0.115625
0 0.28828125 0.3328125 0.05546875 0.1203125
0 0.24765625 0.39921875 0.071875 0.17578125
0 0.6265625 0.4234375 0.06015625 0.1421875
0 0.3796875 0.42890625 0.06953125 0.15859375
0 0.57421875 0.44609375 0.06953125 0.18046875
1 0.8015625 0.5140625 0.0796875 0.20703125
0 0.67890625 0.53359375 0.084375 0.21640625