0 0.29296875 0.7015625 0.2296875 0.5015625
0 0.26953125 0.425 0.225 0.2609375
0 0.08828125 0.46640625 0.1765625 0.3828125
0 0.04375 0.303125 0.0875 0.1578125
0 0.18515625 0.30078125 0.090625 0.1453125
0 0.10625 0.24296875 0.0578125 0.0703125
0 0.1484375 0.26796875 0.0578125 0.10625
0 0.13828125 0.225 0.046875 0.075
0 0.21484375 0.2578125 0.0609375 0.08125
0 0.2359375 0.225 0.059375 0.071875
0 0.28984375 0.2546875 0.053125 0.090625
0 0.52734375 0.64921875 0.246875 0.565625
0 0.80859375 0.63359375 0.2515625 0.5765625
0 0.5203125 0.3390625 0.084375 0.121875
0 0.55703125 0.3234375 0.059375 0.1015625
0 0.690625 0.30859375 0.0625 0.09375
0 0.95546875 0.39921875 0.0796875 0.15
0 0.36875 0.328125 0.075 0.1140625
0 0.3953125 0.27890625 0.0609375 0.06875
0 0.34453125 0.23359375 0.04375 0.0625
0 0.41875 0.24375 0.0453125 0.075
0 0.6125 0.2796875 0.0359375 0.065625
0 0.6421875 0.29453125 0.059375 0.0796875
0 0.73203125 0.2828125 0.04375 0.0578125
0 0.73515625 0.36953125 0.075 0.1234375
0 0.84375 0.3171875 0.065625 0.115625
0 0.7984375 0.2640625 0.0421875 0.0796875
0 0.903125 0.31015625 0.0796875 0.0859375
0 0.9625 0.2765625 0.0390625 0.075
0 0.875 0.23671875 0.0265625 0.0390625
0 0.6671875 0.23671875 0.034375 0.0625
0 0.53046875 0.22578125 0.03125 0.0484375
0 0.50546875 0.23671875 0.0265625 0.065625
0 0.74609375 0.23359375 0.0359375 0.065625
0 0.8203125 0.24453125 0.0296875 0.0703125