1 0.72578125 0.615625 0.0765625 0.17578125
1 0.54921875 0.321875 0.05078125 0.1203125
1 0.35 0.3296875 0.07421875 0.1734375
1 0.4859375 0.334375 0.03828125 0.125
1 0.76953125 0.353125 0.0484375 0.1203125
1 0.66484375 0.3609375 0.0578125 0.14453125
1 0.4375 0.4046875 0.0625 0.1390625
1 0.6 0.41484375 0.06015625 0.1609375
0 0.165625 0.428125 0.08203125 0.196875
1 0.72734375 0.459375 0.053125 0.1390625
1 0.275 0.4703125 0.06484375 0.18046875
1 0.39765625 0.4859375 0.0671875 0.1828125
1 0.53984375 0.5015625 0.0671875 0.209375