1 0.259375 0.56484375 0.053125 0.1296875
1 0.9578125 0.5921875 0.06953125 0.15859375
1 0.6609375 0.6296875 0.0671875 0.13203125
1 0.5359375 0.640625 0.0578125 0.16328125
1 0.1890625 0.640625 0.084375 0.209375
1 0.3640625 0.678125 0.084375 0.165625
1 0.79296875 0.75703125 0.084375 0.18515625
1 0.6421875 0.765625 0.0765625 0.2046875
1 0.47578125 0.80390625 0.0765625 0.2234375
1 0.32109375 0.87109375 0.103125 0.25234375
0 0.86796875 0.49296875 0.06015625 0.14921875
0 0.7796875 0.49765625 0.0625 0.1390625
1 0.3421875 0.515625 0.06484375 0.1421875
0 0.5578125 0.51796875 0.0578125 0.11328125
0 0.478125 0.52265625 0.05078125 0.12265625