1 0.6765625 0.67578125 0.209375 0.4328125
1 0.484375 0.65625 0.19453125 0.46640625
1 0.30625 0.66015625 0.1828125 0.446875
0 0.125 0.6859375 0.25 0.38203125
0 0.15859375 0.4171875 0.1734375 0.2671875
0 0.29921875 0.446875 0.1734375 0.21875
0 0.58515625 0.44453125 0.15859375 0.23828125
0 0.446875 0.4625 0.15859375 0.2546875
0 0.296875 0.33515625 0.1203125 0.18046875
0 0.37265625 0.33046875 0.1109375 0.19921875
1 0.49609375 0.3484375 0.09609375 0.19453125
1 0.61171875 0.2921875 0.12265625 0.15390625
1 0.859375 0.37890625 0.1609375 0.2140625
0 0.9671875 0.3640625 0.06484375 0.24765625
0 0.71484375 0.271875 0.11328125 0.1703125
1 0.8234375 0.25625 0.0671875 0.08671875
1 0.43125 0.2703125 0.06015625 0.103125