0 0.5796875 0.6546875 0.1609375 0.37734375
1 0.7203125 0.75625 0.16328125 0.39453125
0 0.6265625 0.4078125 0.11796875 0.228125
0 0.553125 0.38828125 0.10546875 0.16328125
0 0.4078125 0.43125 0.08203125 0.240625
0 0.7390625 0.41796875 0.05078125 0.12265625
0 0.84765625 0.478125 0.1515625 0.21875
0 0.51796875 0.47109375 0.1296875 0.19453125
0 0.2140625 0.525 0.1875 0.31015625
0 0.77734375 0.53359375 0.17578125 0.22578125
0 0.32109375 0.603125 0.16796875 0.3265625
0 0.4578125 0.64765625 0.1515625 0.36796875
0 0.1828125 0.390625 0.1203125 0.18515625
0 0.9625 0.2984375 0.07421875 0.23046875