1 0.796875 0.5578125 0.0890625 0.18046875
1 0.44453125 0.5609375 0.07421875 0.2046875
0 0.56015625 0.2921875 0.04296875 0.10546875
0 0.38203125 0.33046875 0.0578125 0.12265625
1 0.303125 0.33671875 0.05078125 0.10546875
0 0.49609375 0.3375 0.05546875 0.11796875
0 0.59375 0.3375 0.03828125 0.0984375
1 0.8375 0.35234375 0.0578125 0.1421875
1 0.21875 0.41015625 0.0625 0.16796875
1 0.53828125 0.43515625 0.05546875 0.13671875
1 0.36875 0.4546875 0.053125 0.1421875
1 0.671875 0.4546875 0.071875 0.134375
1 0.6140625 0.5265625 0.0671875 0.18515625