1 0.6578125 0.7171875 0.22109375 0.428125
0 0.4578125 0.68515625 0.19453125 0.44921875
0 0.29453125 0.7046875 0.1921875 0.446875
0 0.1140625 0.74375 0.228125 0.37734375
0 0.13359375 0.48203125 0.16796875 0.290625
0 0.2546875 0.515625 0.15390625 0.24296875
0 0.5875 0.5046875 0.14921875 0.240625
1 0.4375 0.49140625 0.1390625 0.209375
0 0.24765625 0.37109375 0.10078125 0.15625
0 0.33046875 0.37890625 0.11796875 0.19453125
0 0.4484375 0.4 0.15390625 0.1875
0 0.57578125 0.4015625 0.1390625 0.18046875
0 0.571875 0.31953125 0.0796875 0.12265625
1 0.81015625 0.38359375 0.13671875 0.165625
1 0.93359375 0.4890625 0.13203125 0.28828125
0 0.90390625 0.37109375 0.10078125 0.178125