0 0.73203125 0.7640625 0.2453125 0.428125
0 0.53515625 0.74140625 0.1734375 0.47578125
0 0.365625 0.7203125 0.20703125 0.4546875
0 0.1765625 0.7546875 0.271875 0.33203125
0 0.31953125 0.52734375 0.15390625 0.21875
0 0.20703125 0.490625 0.165625 0.30078125
0 0.41015625 0.40859375 0.1203125 0.19453125
0 0.32421875 0.3890625 0.125 0.165625
0 0.52421875 0.428125 0.165625 0.1875
0 0.64453125 0.5359375 0.16796875 0.23828125
0 0.63359375 0.428125 0.115625 0.1515625
0 0.6421875 0.36171875 0.1109375 0.125
0 0.88671875 0.4546875 0.1515625 0.22109375
0 0.96484375 0.43515625 0.06953125 0.24765625
1 0.4796875 0.27890625 0.05546875 0.0671875
1 0.4359375 0.30546875 0.0625 0.0984375