1 0.5890625 0.22578125 0.0625 0.12265625
1 0.52734375 0.23828125 0.05078125 0.103125
1 0.38671875 0.24609375 0.0625 0.14453125
1 0.7171875 0.25390625 0.053125 0.125
1 0.4796875 0.321875 0.071875 0.165625
0 0.2125 0.3265625 0.06953125 0.18046875
1 0.64765625 0.3296875 0.07421875 0.17578125
1 0.7671875 0.3640625 0.06015625 0.1203125
1 0.3234375 0.36796875 0.0765625 0.18515625
1 0.44453125 0.39453125 0.0578125 0.178125
1 0.5796875 0.4046875 0.06484375 0.196875
1 0.77890625 0.52421875 0.08671875 0.1921875