0 0.4390625 0.5609375 0.07421875 0.18046875
0 0.3078125 0.5625 0.0796875 0.1609375
0 0.1625 0.57109375 0.0671875 0.209375
1 0.61875 0.65234375 0.084375 0.1828125
1 0.4125 0.38359375 0.04296875 0.09609375
0 0.47734375 0.38671875 0.05546875 0.115625
0 0.2828125 0.40234375 0.06015625 0.134375
0 0.58984375 0.4234375 0.053125 0.115625
0 0.67890625 0.43046875 0.05546875 0.1296875
0 0.5046875 0.4734375 0.06953125 0.1421875
0 0.61875 0.4953125 0.06953125 0.146875
0 0.0921875 0.5171875 0.071875 0.1703125