1 0.53984375 0.58984375 0.06484375 0.16328125
1 0.37890625 0.59765625 0.0765625 0.18515625
1 0.18984375 0.6515625 0.09375 0.209375
1 0.0453125 0.7140625 0.0890625 0.240625
1 0.67578125 0.3703125 0.0453125 0.12734375
1 0.5828125 0.38671875 0.0625 0.125
0 0.27734375 0.39765625 0.05078125 0.12734375
0 0.359375 0.40390625 0.0625 0.1109375
1 0.02265625 0.4171875 0.0453125 0.1421875
1 0.8390625 0.4359375 0.0625 0.14453125
1 0.728125 0.4359375 0.053125 0.1390625
1 0.4375 0.5140625 0.06484375 0.146875
1 0.96484375 0.515625 0.06484375 0.2046875
1 0.10234375 0.525 0.05546875 0.14453125