0 0.2828125 0.5609375 0.10078125 0.21640625
0 0.0734375 0.5875 0.09140625 0.21640625
1 0.43359375 0.6265625 0.0796875 0.19921875
0 0.2953125 0.359375 0.06484375 0.0984375
0 0.2125 0.36328125 0.06015625 0.10546875
1 0.40859375 0.3796875 0.053125 0.10546875
1 0.9015625 0.38125 0.06015625 0.1203125
0 0.97265625 0.4125 0.05078125 0.18984375
0 0.03828125 0.415625 0.0765625 0.1515625
1 0.771875 0.4203125 0.0671875 0.15625
0 0.16484375 0.4640625 0.06484375 0.1609375
1 0.41953125 0.47265625 0.0578125 0.15625
0 0.86796875 0.4734375 0.0671875 0.1515625