0 0.875 0.55546875 0.18984375 0.34375
0 0.25234375 0.70546875 0.19921875 0.4828125
0 0.1 0.69453125 0.18984375 0.42578125
1 0.4359375 0.7703125 0.24296875 0.4546875
0 0.05859375 0.46796875 0.1171875 0.2515625
0 0.17578125 0.5015625 0.14921875 0.24296875
0 0.30078125 0.478125 0.1609375 0.2328125
0 0.4171875 0.5375 0.22109375 0.26953125
0 0.21015625 0.3953125 0.1203125 0.14921875
0 0.31015625 0.39453125 0.15625 0.15625
0 0.38125 0.35 0.103125 0.19453125
0 0.39921875 0.390625 0.11796875 0.15625
0 0.48203125 0.4234375 0.115625 0.19921875
1 0.5296875 0.34609375 0.14453125 0.1828125
1 0.75703125 0.4515625 0.10546875 0.2046875
1 0.89453125 0.428125 0.1421875 0.22578125
0 0.95859375 0.47265625 0.0828125 0.2859375