0 0.31015625 0.69921875 0.12734375 0.40859375
0 0.18125 0.69609375 0.12734375 0.37265625
0 0.47734375 0.75625 0.1421875 0.3703125
0 0.271875 0.3921875 0.0484375 0.11328125
0 0.3484375 0.4 0.0453125 0.11796875
0 0.4640625 0.428125 0.0453125 0.09375
0 0.1421875 0.43125 0.06953125 0.1515625
0 0.56015625 0.43359375 0.04296875 0.1078125
0 0.946875 0.47578125 0.10546875 0.20703125
1 0.8390625 0.47578125 0.08671875 0.146875
0 0.3859375 0.4796875 0.06953125 0.1390625
0 0.49140625 0.5171875 0.0625 0.15390625