1 0.61875 0.75703125 0.1390625 0.39921875
1 0.453125 0.765625 0.2234375 0.46875
0 0.1046875 0.7796875 0.209375 0.43984375
0 0.275 0.759375 0.2359375 0.48046875
0 0.1359375 0.53828125 0.178125 0.2671875
0 0.2765625 0.5578125 0.15859375 0.259375
0 0.41328125 0.53515625 0.1390625 0.24765625
0 0.51796875 0.553125 0.1703125 0.290625
0 0.3546875 0.4171875 0.12265625 0.18515625
0 0.2875 0.41015625 0.0984375 0.165625
0 0.57421875 0.44453125 0.11328125 0.18984375
1 0.4734375 0.4078125 0.0890625 0.13203125
0 0.83046875 0.4578125 0.1390625 0.196875
0 0.95078125 0.44375 0.0984375 0.20703125