1 0.58203125 0.75703125 0.1734375 0.4015625
0 0.41484375 0.66328125 0.15859375 0.40859375
1 0.2859375 0.65859375 0.178125 0.35078125
0 0.12890625 0.65625 0.1875 0.3171875
0 0.046875 0.5671875 0.09375 0.2453125
0 0.5875 0.54921875 0.14921875 0.25703125
0 0.47578125 0.51796875 0.12265625 0.2359375
0 0.21640625 0.46484375 0.125 0.2359375
1 0.3265625 0.51171875 0.1109375 0.23828125
1 0.38671875 0.40234375 0.09140625 0.1421875
1 0.69453125 0.38671875 0.1078125 0.14921875
0 0.6546875 0.44609375 0.08671875 0.18046875
0 0.540625 0.43515625 0.1078125 0.16328125
0 0.44375 0.4109375 0.09140625 0.1390625
1 0.93515625 0.4703125 0.12734375 0.14453125