1 0.52421875 0.25390625 0.0578125 0.1109375
1 0.46171875 0.26328125 0.0484375 0.1078125
0 0.7453125 0.27890625 0.0578125 0.125
1 0.3296875 0.2828125 0.05078125 0.14921875
1 0.6609375 0.28515625 0.053125 0.13671875
1 0.421875 0.34375 0.053125 0.146875
1 0.584375 0.35078125 0.0625 0.14921875
0 0.1515625 0.4109375 0.071875 0.19453125
1 0.37734375 0.41953125 0.071875 0.17578125
1 0.5203125 0.42890625 0.06015625 0.1875
1 0.25234375 0.46015625 0.0796875 0.2359375
1 0.7140625 0.5171875 0.07421875 0.18984375