1 0.55859375 0.7796875 0.2140625 0.43984375
0 0.32421875 0.759375 0.23828125 0.47578125
0 0.1609375 0.775 0.1921875 0.4234375
0 0.8921875 0.5421875 0.14921875 0.28359375
0 0.16328125 0.584375 0.15390625 0.23828125
0 0.03828125 0.57578125 0.0765625 0.271875
0 0.328125 0.56640625 0.15390625 0.27421875
1 0.47578125 0.5375 0.14453125 0.2328125
0 0.171875 0.421875 0.071875 0.15390625
0 0.240625 0.44140625 0.1078125 0.21875
0 0.36796875 0.43125 0.13203125 0.18046875
0 0.48046875 0.4265625 0.09609375 0.13671875
0 0.7140625 0.44609375 0.14453125 0.19921875
0 0.8234375 0.42578125 0.12734375 0.22109375
0 0.8890625 0.38203125 0.1109375 0.13671875
0 0.490625 0.36328125 0.0671875 0.125
1 0.2984375 0.3640625 0.09140625 0.1203125