1 0.2421875 0.646875 0.3109375 0.4703125
0 0.5859375 0.62734375 0.253125 0.5046875
0 0.76328125 0.65078125 0.2 0.275
0 0.828125 0.60234375 0.2625 0.5640625
1 0.94296875 0.3953125 0.1140625 0.1859375
0 0.12734375 0.36796875 0.115625 0.259375
1 0.04765625 0.34609375 0.0953125 0.2953125
0 0.30703125 0.41953125 0.2328125 0.2515625
0 0.52265625 0.39140625 0.15 0.24375
1 0.6828125 0.340625 0.1140625 0.225
1 0.7421875 0.409375 0.1078125 0.20625
0 0.575 0.3515625 0.115625 0.1640625
1 0.89921875 0.33125 0.0984375 0.1375
1 0.890625 0.271875 0.05 0.0609375
0 0.94375 0.2890625 0.05 0.109375
0 0.971875 0.28046875 0.0484375 0.0875
0 0.7484375 0.25234375 0.0546875 0.0921875
0 0.8078125 0.265625 0.0546875 0.103125
1 0.86640625 0.2375 0.05 0.065625
1 0.73203125 0.29140625 0.059375 0.078125
1 0.6421875 0.30234375 0.0703125 0.1078125
0 0.6703125 0.23828125 0.04375 0.0703125
0 0.540625 0.24140625 0.0453125 0.075
1 0.50625 0.234375 0.04375 0.0625
0 0.2890625 0.28125 0.096875 0.1265625
0 0.1859375 0.3125 0.103125 0.19375
0 0.215625 0.26796875 0.0703125 0.0953125
1 0.36796875 0.3359375 0.0984375 0.15
0 0.39765625 0.3046875 0.0703125 0.1234375
1 0.43046875 0.2625 0.0484375 0.10625
1 0.35078125 0.253125 0.0546875 0.0875