0 0.20703125 0.57421875 0.08203125 0.1828125
0 0.0515625 0.6140625 0.07421875 0.21171875
1 0.52890625 0.64921875 0.08671875 0.18984375
0 0.3890625 0.37734375 0.05078125 0.11328125
1 0.32421875 0.3921875 0.05078125 0.11328125
0 0.50703125 0.41484375 0.05546875 0.115625
0 0.1828125 0.41953125 0.06953125 0.146875
0 0.60078125 0.4265625 0.0484375 0.13203125
1 0.8859375 0.44921875 0.06953125 0.18046875
0 0.4203125 0.4671875 0.06953125 0.15390625
0 0.27734375 0.478125 0.0625 0.1515625
0 0.53515625 0.490625 0.071875 0.1609375
0 0.353125 0.5421875 0.06953125 0.17578125