0 0.2125 0.740625 0.13203125 0.4203125
0 0.67421875 0.7515625 0.14453125 0.428125
1 0.540625 0.7703125 0.134375 0.40390625
0 0.39765625 0.7671875 0.15625 0.37734375
0 0.90234375 0.7828125 0.18515625 0.38671875
1 0.38359375 0.4125 0.040625 0.10078125
1 0.47109375 0.4171875 0.05546875 0.10546875
0 0.59609375 0.4171875 0.053125 0.10546875
1 0.94375 0.4578125 0.06484375 0.14453125
1 0.31015625 0.4859375 0.06953125 0.15390625
0 0.45078125 0.5109375 0.0484375 0.13671875
1 0.6296875 0.525 0.05078125 0.1390625
1 0.76171875 0.5265625 0.05546875 0.12265625