0 0.58046875 0.6796875 0.2625 0.575
0 0.23671875 0.678125 0.3046875 0.51875
0 0.84296875 0.63046875 0.3140625 0.64375
0 0.94140625 0.42109375 0.1171875 0.2296875
0 0.52109375 0.39453125 0.1390625 0.2828125
0 0.315625 0.4484375 0.171875 0.36875
0 0.1328125 0.38515625 0.1484375 0.29375
0 0.04921875 0.33671875 0.0984375 0.265625
0 0.17890625 0.3140625 0.1046875 0.2234375
0 0.359375 0.340625 0.1140625 0.1890625
0 0.56875 0.3515625 0.0921875 0.175
1 0.6890625 0.3203125 0.1125 0.178125
1 0.8953125 0.31484375 0.08125 0.1234375
0 0.809375 0.259375 0.084375 0.1078125