0 0.16484375 0.7328125 0.19921875 0.415625
0 0.73203125 0.77734375 0.23046875 0.44453125
1 0.9 0.78984375 0.19921875 0.40390625
0 0.4109375 0.76796875 0.115625 0.25703125
0 0.61875 0.625 0.14921875 0.2640625
0 0.6671875 0.4328125 0.06953125 0.14453125
0 0.415625 0.4703125 0.09140625 0.16328125
0 0.6 0.4890625 0.10546875 0.16796875
0 0.47109375 0.61796875 0.1296875 0.25
0 0.47578125 0.46015625 0.11796875 0.1703125
0 0.7640625 0.62265625 0.15625 0.28359375
0 0.70546875 0.50625 0.09140625 0.1703125
0 0.33984375 0.56484375 0.165625 0.31953125
0 0.76328125 0.33515625 0.1203125 0.18515625
0 0.5484375 0.784375 0.21875 0.43125