1 0.76796875 0.58984375 0.19453125 0.4375
1 0.478125 0.62734375 0.25 0.521875
1 0.62890625 0.603125 0.2046875 0.478125
1 0.28125 0.63125 0.23046875 0.46640625
1 0.328125 0.42578125 0.14921875 0.31484375
1 0.3796875 0.35703125 0.09140625 0.2234375
1 0.46015625 0.42421875 0.12734375 0.2234375
1 0.44453125 0.30390625 0.08203125 0.16328125
0 0.5609375 0.3375 0.11328125 0.19453125
0 0.60703125 0.26171875 0.134375 0.13203125
0 0.65859375 0.28359375 0.05078125 0.1078125
0 0.90390625 0.31015625 0.08671875 0.1703125
0 0.953125 0.28515625 0.09375 0.21171875
0 0.7953125 0.39296875 0.1609375 0.16328125