0 0.52421875 0.27734375 0.10078125 0.16796875
0 0.44921875 0.2703125 0.08203125 0.1609375
0 0.7484375 0.29453125 0.13203125 0.165625
0 0.3140625 0.3234375 0.1390625 0.23046875
0 0.66015625 0.2953125 0.11328125 0.1921875
0 0.415625 0.375 0.0890625 0.17578125
0 0.584375 0.35078125 0.0625 0.14921875
0 0.13359375 0.4515625 0.16796875 0.30078125
1 0.36640625 0.50859375 0.1515625 0.3484375
1 0.50859375 0.58046875 0.1703125 0.5
1 0.24140625 0.5109375 0.14453125 0.3078125
1 0.69609375 0.640625 0.2140625 0.46640625
0 0.775 0.228125 0.09140625 0.18984375