1 0.8140625 0.790625 0.240625 0.41796875
1 0.6 0.765625 0.18984375 0.46875
0 0.4234375 0.7484375 0.1875 0.50234375
0 0.24140625 0.765625 0.2140625 0.4640625
0 0.1109375 0.64296875 0.1296875 0.41796875
0 0.2953125 0.490625 0.14453125 0.259375
0 0.43046875 0.52890625 0.1421875 0.21875
0 0.5578125 0.52265625 0.11796875 0.2328125
0 0.66953125 0.56015625 0.134375 0.25234375
0 0.421875 0.4109375 0.09140625 0.16328125
0 0.49375 0.40859375 0.10546875 0.2234375
0 0.60546875 0.4203125 0.09609375 0.1734375
0 0.71875 0.45703125 0.084375 0.18046875
0 0.69140625 0.3890625 0.0984375 0.11796875
1 0.5296875 0.34609375 0.08671875 0.125
0 0.8453125 0.3125 0.1609375 0.22578125
1 0.96484375 0.35078125 0.06953125 0.1203125