1 0.53828125 0.7296875 0.2359375 0.41796875
1 0.1453125 0.41796875 0.15625 0.240625
1 0.27734375 0.415625 0.12734375 0.146875
1 0.3484375 0.65859375 0.2015625 0.4828125
1 0.2203125 0.65234375 0.18046875 0.428125
0 0.890625 0.4109375 0.16328125 0.23046875
1 0.55390625 0.52265625 0.22109375 0.28828125
1 0.3921875 0.35546875 0.0984375 0.17578125
1 0.31640625 0.3546875 0.0796875 0.15390625
1 0.5046875 0.375 0.0984375 0.16328125
1 0.59765625 0.38125 0.0671875 0.12734375
1 0.6421875 0.32421875 0.09609375 0.14453125