1 0.83984375 0.64921875 0.2859375 0.553125
1 0.553125 0.671875 0.26875 0.434375
0 0.2328125 0.603125 0.2765625 0.459375
0 0.046875 0.33671875 0.09375 0.2703125
0 0.13203125 0.4015625 0.146875 0.278125
1 0.18828125 0.3265625 0.1203125 0.1984375
1 0.25546875 0.3171875 0.0875 0.128125
1 0.375 0.34921875 0.090625 0.1765625
1 0.5234375 0.38046875 0.1203125 0.2046875
1 0.6390625 0.32109375 0.08125 0.121875
1 0.73125 0.30703125 0.075 0.10625
1 0.7703125 0.3203125 0.075 0.11875
1 0.85 0.3546875 0.125 0.146875
0 0.9484375 0.35390625 0.103125 0.1265625
0 0.83671875 0.2921875 0.071875 0.1109375
1 0.91015625 0.2671875 0.0625 0.0890625
0 0.94140625 0.30390625 0.0703125 0.1265625
0 0.1421875 0.2390625 0.0578125 0.06875
1 0.2484375 0.2484375 0.0671875 0.1125
0 0.30390625 0.26640625 0.0640625 0.1109375
0 0.36875 0.2390625 0.0484375 0.0828125
0 0.41796875 0.23984375 0.0640625 0.096875
0 0.5 0.24140625 0.0390625 0.0796875
0 0.52734375 0.25 0.0515625 0.084375
0 0.5859375 0.26875 0.0625 0.090625
1 0.68359375 0.24921875 0.053125 0.08125