1 0.7703125 0.634375 0.25 0.43046875
1 0.34453125 0.78671875 0.2140625 0.4265625
1 0.11015625 0.76875 0.2203125 0.4625
0 0.21875 0.5984375 0.165625 0.29296875
1 0.0734375 0.5328125 0.146875 0.20703125
1 0.0515625 0.37109375 0.084375 0.11796875
1 0.25625 0.4515625 0.12265625 0.16328125
0 0.134375 0.4375 0.115625 0.146875
1 0.2703125 0.38671875 0.125 0.15390625
0 0.49765625 0.43984375 0.1390625 0.178125
0 0.63828125 0.47578125 0.14921875 0.23046875
1 0.61171875 0.4078125 0.10078125 0.15859375
0 0.36640625 0.30859375 0.146875 0.240625