1 0.23203125 0.6078125 0.084375 0.165625
1 0.7140625 0.63671875 0.06484375 0.19921875
1 0.5421875 0.66015625 0.07421875 0.1921875
1 0.39296875 0.67421875 0.0796875 0.1921875
1 0.90234375 0.6828125 0.09375 0.1921875
1 0.38359375 0.4125 0.040625 0.10078125
1 0.47109375 0.4171875 0.05546875 0.10546875
0 0.59609375 0.4171875 0.053125 0.10546875
1 0.94375 0.4578125 0.06484375 0.14453125
1 0.31015625 0.4859375 0.06953125 0.15390625
0 0.45078125 0.5109375 0.0484375 0.13671875
1 0.6296875 0.525 0.05078125 0.1390625
1 0.76171875 0.5265625 0.05546875 0.12265625