1 0.60234375 0.8375 0.1828125 0.32421875
0 0.38984375 0.83359375 0.2109375 0.3328125
0 0.2484375 0.82421875 0.228125 0.35078125
0 0.0921875 0.85078125 0.184375 0.2984375
0 0.8859375 0.6671875 0.2046875 0.29296875
0 0.8703125 0.509375 0.13671875 0.2046875
0 0.76171875 0.5265625 0.13671875 0.2015625
0 0.509375 0.66484375 0.17578125 0.2328125
0 0.4 0.6609375 0.16796875 0.25703125
0 0.21484375 0.6609375 0.209375 0.26953125
0 0.09140625 0.615625 0.1828125 0.30546875
0 0.3953125 0.52265625 0.14921875 0.2015625
0 0.53125 0.525 0.1390625 0.18515625
1 0.30078125 0.5046875 0.13671875 0.18984375
1 0.21171875 0.51328125 0.15859375 0.18515625
1 0.521875 0.446875 0.13203125 0.1703125
0 0.2546875 0.3171875 0.10078125 0.14921875