0 0.50625 0.72578125 0.2140625 0.5484375
1 0.703125 0.771875 0.18046875 0.4421875
0 0.55859375 0.365625 0.053125 0.11796875
0 0.13359375 0.4015625 0.11796875 0.16796875
0 0.4953125 0.41015625 0.084375 0.1703125
0 0.3609375 0.459375 0.15625 0.28359375
0 0.68515625 0.4171875 0.05546875 0.1109375
0 0.7796875 0.42890625 0.05546875 0.10546875
0 0.46015625 0.44921875 0.05078125 0.13671875
0 0.6046875 0.521875 0.11796875 0.2640625
0 0.72265625 0.4890625 0.0796875 0.1421875
0 0.18515625 0.4859375 0.1203125 0.1734375
0 0.3546875 0.7328125 0.1703125 0.53359375
0 0.1734375 0.7078125 0.2546875 0.509375