1 0.9390625 0.56015625 0.06484375 0.2359375
1 0.4125 0.56484375 0.10078125 0.2234375
1 0.53359375 0.259375 0.06015625 0.115625
1 0.44921875 0.290625 0.04296875 0.14921875
0 0.66484375 0.2984375 0.053125 0.13203125
0 0.76796875 0.30859375 0.0625 0.11796875
0 0.38671875 0.3140625 0.0796875 0.2046875
0 0.49765625 0.3765625 0.06484375 0.16796875
0 0.69140625 0.3953125 0.07421875 0.17578125
0 0.81640625 0.4015625 0.08203125 0.15390625
1 0.5625 0.4859375 0.06953125 0.22109375
1 0.24296875 0.5015625 0.0984375 0.25234375
0 0.80546875 0.53125 0.0984375 0.2234375