0 0.8953125 0.81796875 0.209375 0.3640625
0 0.7140625 0.790625 0.209375 0.415625
0 0.5671875 0.8078125 0.228125 0.384375
0 0.35546875 0.81640625 0.2328125 0.35546875
0 0.1734375 0.79453125 0.25 0.4109375
0 0.30625 0.60703125 0.125 0.27421875
0 0.4 0.53125 0.103125 0.2234375
0 0.4578125 0.46484375 0.071875 0.11796875
0 0.47265625 0.63359375 0.115625 0.27421875
0 0.6046875 0.61796875 0.15859375 0.24296875
0 0.7453125 0.64921875 0.1390625 0.2328125
0 0.6921875 0.5140625 0.11796875 0.1703125
0 0.5765625 0.51171875 0.0796875 0.16328125
0 0.66015625 0.4671875 0.0765625 0.1875
0 0.72109375 0.34140625 0.0765625 0.2140625
0 0.9484375 0.52890625 0.103125 0.13671875