1 0.8953125 0.68515625 0.20703125 0.39921875
1 0.7296875 0.5046875 0.1875 0.22578125
1 0.92890625 0.3953125 0.1421875 0.15859375
1 0.19921875 0.359375 0.103125 0.146875
0 0.17890625 0.71484375 0.22578125 0.38203125
0 0.35078125 0.72109375 0.1921875 0.40625
0 0.52421875 0.69921875 0.18515625 0.4328125
0 0.67890625 0.69453125 0.19453125 0.44453125
0 0.44140625 0.5015625 0.146875 0.21875
0 0.31640625 0.4671875 0.13203125 0.24765625
0 0.46015625 0.365625 0.11328125 0.16328125
0 0.37734375 0.3890625 0.09609375 0.16796875
0 0.59375 0.39921875 0.12265625 0.134375
0 0.68515625 0.3734375 0.08203125 0.13203125
0 0.6671875 0.3265625 0.0671875 0.1109375