0 0.36640625 0.61875 0.0890625 0.209375
1 0.553125 0.65859375 0.08671875 0.209375
0 0.14453125 0.671875 0.10546875 0.2234375
0 0.85 0.384375 0.06484375 0.15625
0 0.2484375 0.39296875 0.071875 0.1203125
0 0.1765625 0.39921875 0.0484375 0.1109375
0 0.3703125 0.40390625 0.0578125 0.115625
0 0.90625 0.40625 0.040625 0.11796875
0 0.4828125 0.40859375 0.0625 0.08671875
0 0.7328125 0.41328125 0.06484375 0.12734375
0 0.9328125 0.475 0.071875 0.14921875
1 0.46640625 0.49609375 0.0578125 0.14453125
1 0.3140625 0.4984375 0.0578125 0.17578125
0 0.1828125 0.525 0.08203125 0.14453125
0 0.02421875 0.53359375 0.0484375 0.1875