1 0.884375 0.696875 0.21171875 0.4859375
0 0.48046875 0.271875 0.04296875 0.1078125
0 0.55078125 0.2921875 0.05546875 0.125
0 0.678125 0.35078125 0.1078125 0.17578125
0 0.33671875 0.38359375 0.14453125 0.24296875
0 0.62265625 0.4328125 0.22109375 0.26171875
0 0.4578125 0.390625 0.12265625 0.18046875
0 0.76796875 0.4734375 0.16328125 0.33203125
0 0.1234375 0.5421875 0.18984375 0.4515625
0 0.4796875 0.6421875 0.18984375 0.41796875
0 0.6421875 0.6734375 0.22578125 0.4828125
0 0.29453125 0.6296875 0.228125 0.3921875