1 0.7828125 0.6515625 0.20703125 0.3796875
1 0.6 0.640625 0.2046875 0.4234375
1 0.45078125 0.65390625 0.165625 0.4203125
1 0.30078125 0.65390625 0.240625 0.4421875
0 0.11796875 0.66953125 0.2359375 0.47578125
1 0.209375 0.47578125 0.15859375 0.30546875
0 0.353125 0.49296875 0.1515625 0.2328125
1 0.52734375 0.47578125 0.12734375 0.2328125
1 0.28984375 0.36875 0.11328125 0.18515625
1 0.38125 0.36875 0.125 0.18046875
0 0.4890625 0.359375 0.1109375 0.18046875
0 0.5890625 0.36171875 0.0984375 0.16328125
1 0.81953125 0.375 0.1296875 0.1875
1 0.91015625 0.3546875 0.1078125 0.19453125
1 0.0890625 0.3421875 0.1078125 0.14921875