1 0.875 0.58671875 0.0890625 0.20703125
0 0.48046875 0.271875 0.04296875 0.1078125
0 0.55078125 0.2921875 0.05546875 0.125
0 0.671875 0.30859375 0.0578125 0.1109375
0 0.3734375 0.33671875 0.06953125 0.14921875
0 0.625 0.38359375 0.06484375 0.14453125
0 0.490625 0.3890625 0.0578125 0.115625
0 0.75703125 0.4078125 0.06484375 0.17578125
0 0.146875 0.415625 0.0890625 0.19921875
1 0.47578125 0.52734375 0.084375 0.18984375
1 0.6671875 0.5359375 0.0765625 0.209375
0 0.31875 0.540625 0.10546875 0.2140625