1 0.2859375 0.69609375 0.24296875 0.4953125
0 0.803125 0.33203125 0.0578125 0.15859375
0 0.72578125 0.3578125 0.08203125 0.1609375
1 0.296875 0.37265625 0.125 0.178125
0 0.43046875 0.35078125 0.1078125 0.178125
1 0.203125 0.4 0.1078125 0.1515625
1 0.88671875 0.43359375 0.1078125 0.27421875
1 0.10546875 0.69375 0.2109375 0.50625
1 0.13359375 0.48203125 0.11796875 0.303125
0 0.48046875 0.45546875 0.1421875 0.209375
1 0.30625 0.48203125 0.12734375 0.18984375
0 0.603125 0.66015625 0.165625 0.4859375
1 0.74140625 0.61875 0.1609375 0.4203125
0 0.459375 0.69453125 0.1875 0.48828125
0 0.609375 0.4484375 0.178125 0.19453125
0 0.50390625 0.33671875 0.084375 0.12734375
0 0.47265625 0.2875 0.0890625 0.1203125