0 0.36171875 0.5609375 0.0671875 0.1703125
0 0.22265625 0.57109375 0.07421875 0.2046875
1 0.66953125 0.646875 0.08671875 0.18984375
0 0.46171875 0.37734375 0.04296875 0.10078125
0 0.07109375 0.384375 0.0484375 0.134375
0 0.52734375 0.38828125 0.0484375 0.0984375
0 0.33515625 0.4125 0.071875 0.1296875
0 0.6453125 0.42421875 0.06015625 0.115625
0 0.734375 0.43125 0.03828125 0.115625
0 0.41953125 0.453125 0.05078125 0.1203125
0 0.55859375 0.459375 0.06953125 0.146875
1 0.15234375 0.4953125 0.06484375 0.16328125
0 0.678125 0.49765625 0.07421875 0.15859375
0 0.50703125 0.5375 0.07421875 0.17578125