1 0.76328125 0.71171875 0.19921875 0.39921875
0 0.5609375 0.6984375 0.1921875 0.47578125
0 0.228125 0.75 0.25703125 0.39921875
0 0.43046875 0.68515625 0.240625 0.4234375
1 0.0734375 0.67890625 0.146875 0.44453125
0 0.209375 0.4890625 0.17578125 0.36328125
0 0.34140625 0.52890625 0.1921875 0.24765625
0 0.5109375 0.509375 0.14921875 0.2453125
0 0.31015625 0.4 0.11796875 0.16796875
0 0.37734375 0.41796875 0.1109375 0.18515625
0 0.515625 0.4 0.11796875 0.178125
1 0.61796875 0.4171875 0.103125 0.14921875
0 0.64296875 0.509375 0.1703125 0.24296875
1 0.6 0.3421875 0.0984375 0.146875
1 0.87109375 0.43125 0.13671875 0.18984375
1 0.95625 0.39765625 0.0875 0.1703125
1 0.70078125 0.2609375 0.08203125 0.17578125