1 0.65234375 0.72265625 0.17578125 0.43046875
0 0.57578125 0.2875 0.05078125 0.1078125
0 0.33984375 0.35703125 0.06484375 0.18984375
0 0.4734375 0.33984375 0.05546875 0.11796875
0 0.24296875 0.33984375 0.05546875 0.103125
0 0.5578125 0.35 0.03828125 0.08671875
0 0.8234375 0.37734375 0.084375 0.18984375
0 0.12734375 0.45703125 0.14453125 0.28828125
0 0.303125 0.6734375 0.178125 0.4328125
0 0.27734375 0.49609375 0.10546875 0.259375
0 0.55390625 0.4484375 0.06015625 0.12734375
0 0.44921875 0.68359375 0.1609375 0.46875
0 0.115625 0.7390625 0.23046875 0.384375
0 0.91328125 0.48203125 0.1734375 0.2859375
1 0.92421875 0.36796875 0.11796875 0.18984375