1 0.578125 0.58984375 0.08203125 0.178125
0 0.6875 0.30546875 0.040625 0.11328125
0 0.44140625 0.31640625 0.06015625 0.09140625
0 0.36640625 0.32578125 0.0453125 0.084375
1 0.54921875 0.33515625 0.04296875 0.09140625
0 0.2015625 0.35546875 0.0671875 0.1296875
1 0.6390625 0.3640625 0.03828125 0.10078125
0 0.33046875 0.41796875 0.06484375 0.125
1 0.9546875 0.4203125 0.07421875 0.1609375
0 0.56484375 0.43125 0.06953125 0.15625
0 0.140625 0.4953125 0.08203125 0.2015625
0 0.43515625 0.50390625 0.08671875 0.17578125
0 0.24609375 0.51328125 0.084375 0.18984375