0 0.31015625 0.5375 0.0734375 0.1859375
0 0.36640625 0.66953125 0.153125 0.271875
1 0.4078125 0.52421875 0.0640625 0.1953125
0 0.4296875 0.47578125 0.034375 0.0953125
0 0.515625 0.47734375 0.06875 0.1
0 0.5125 0.5328125 0.0828125 0.153125
0 0.5546875 0.68046875 0.1328125 0.2828125
0 0.67109375 0.640625 0.1046875 0.29375
0 0.628125 0.5203125 0.06875 0.1484375
1 0.58515625 0.4890625 0.0515625 0.1109375
0 0.68984375 0.6859375 0.0515625 0.03125
0 0.58046875 0.79296875 0.0671875 0.0546875
0 0.34921875 0.81484375 0.0359375 0.0296875