0 0.31171875 0.53046875 0.06875 0.19375
0 0.40390625 0.534375 0.0875 0.2046875
0 0.41953125 0.47265625 0.04375 0.0953125
0 0.37265625 0.71484375 0.1375 0.2234375
0 0.55546875 0.68515625 0.115625 0.284375
0 0.6734375 0.6484375 0.103125 0.3375
0 0.62734375 0.5203125 0.0625 0.159375
1 0.584375 0.4953125 0.0578125 0.109375
0 0.51640625 0.53125 0.065625 0.1703125
0 0.50546875 0.478125 0.0375 0.0796875
0 0.66953125 0.77109375 0.046875 0.0515625
0 0.56953125 0.80546875 0.040625 0.0375
0 0.34609375 0.81484375 0.0375 0.025