0 0.42578125 0.4796875 0.0453125 0.10625
0 0.4046875 0.5375 0.0890625 0.19375
0 0.309375 0.53515625 0.0875 0.19375
0 0.359375 0.71171875 0.1375 0.2328125
0 0.56640625 0.68125 0.140625 0.2859375
0 0.68125 0.64296875 0.103125 0.3125
0 0.6234375 0.5296875 0.0796875 0.1734375
1 0.5859375 0.484375 0.075 0.096875
1 0.51484375 0.5421875 0.053125 0.18125
1 0.50546875 0.4828125 0.0328125 0.0984375
0 0.67734375 0.77109375 0.0484375 0.0453125
0 0.56640625 0.80234375 0.0359375 0.0421875
0 0.34375 0.81171875 0.034375 0.021875