0 0.55078125 0.66328125 0.1515625 0.2765625
0 0.6734375 0.6515625 0.109375 0.3203125
0 0.35078125 0.70546875 0.159375 0.2453125
0 0.4046875 0.55 0.0765625 0.2453125
0 0.3046875 0.53359375 0.0921875 0.184375
0 0.40859375 0.46484375 0.0359375 0.0921875
0 0.50390625 0.475 0.0546875 0.121875
0 0.5203125 0.5296875 0.078125 0.1578125
1 0.58203125 0.5 0.06875 0.11875
0 0.6265625 0.53515625 0.08125 0.1671875
0 0.32734375 0.8015625 0.04375 0.0421875
0 0.6046875 0.6765625 0.04375 0.0953125
0 0.68046875 0.76328125 0.03125 0.0515625
0 0.51484375 0.57890625 0.028125 0.034375