0 0.525 0.51015625 0.04375 0.0875
0 0.5015625 0.4828125 0.0578125 0.1390625
0 0.409375 0.534375 0.09375 0.2328125
0 0.41953125 0.45703125 0.03125 0.0921875
0 0.30234375 0.54609375 0.0703125 0.1875
0 0.36796875 0.6578125 0.1453125 0.31875
0 0.5546875 0.65625 0.1515625 0.315625
0 0.678125 0.6640625 0.11875 0.3265625
0 0.63828125 0.53828125 0.0859375 0.13125
0 0.58828125 0.49609375 0.065625 0.1171875
0 0.6828125 0.76328125 0.0265625 0.05625
0 0.34765625 0.684375 0.0359375 0.0734375
0 0.5234375 0.57265625 0.025 0.0328125
0 0.30390625 0.609375 0.028125 0.05
0 0.60859375 0.67109375 0.03125 0.05625
0 0.63125 0.6296875 0.021875 0.0375