0 0.28203125 0.53984375 0.4171875 0.5171875
0 0.5046875 0.55 0.2453125 0.4484375
0 0.6796875 0.53203125 0.234375 0.359375
0 0.846875 0.4890625 0.2703125 0.3609375
0 0.43046875 0.390625 0.1203125 0.1921875
0 0.10390625 0.34921875 0.19375 0.3015625
0 0.246875 0.3375 0.125 0.246875
1 0.02734375 0.23046875 0.0546875 0.159375
0 0.05 0.18125 0.065625 0.115625
0 0.09140625 0.1671875 0.0578125 0.0890625
0 0.140625 0.1625 0.0515625 0.084375
1 0.19375 0.2078125 0.0625 0.1
1 0.171875 0.18671875 0.0359375 0.075
1 0.3 0.253125 0.0546875 0.0859375
1 0.2765625 0.18125 0.0296875 0.078125
0 0.3640625 0.20703125 0.04375 0.071875
1 0.3078125 0.19609375 0.05 0.05
1 0.39765625 0.2734375 0.075 0.10625
1 0.48984375 0.290625 0.071875 0.090625
0 0.57734375 0.303125 0.0703125 0.1046875
0 0.4578125 0.225 0.0703125 0.0671875
0 0.39921875 0.21328125 0.059375 0.0578125
0 0.48671875 0.2 0.0453125 0.05
0 0.6828125 0.34921875 0.0609375 0.0953125
0 0.72578125 0.31171875 0.0296875 0.090625
0 0.76328125 0.39140625 0.0703125 0.1125
0 0.91640625 0.38671875 0.0546875 0.1375
0 0.98046875 0.39453125 0.0390625 0.090625
0 0.890625 0.2640625 0.03125 0.0578125
0 0.93125 0.2703125 0.0375 0.0703125
1 0.56875 0.23203125 0.040625 0.0546875
1 0.97421875 0.3265625 0.05 0.0796875
0 0.9828125 0.27109375 0.034375 0.0421875
1 0.828125 0.2984375 0.0546875 0.0578125
1 0.78125 0.315625 0.0421875 0.0625
1 0.7484375 0.259375 0.0328125 0.0578125
1 0.79140625 0.24921875 0.0328125 0.046875
1 0.82734375 0.24140625 0.0296875 0.05