0 0.11875 0.659375 0.165625 0.3375
0 0.39296875 0.3515625 0.078125 0.1140625
0 0.83671875 0.6609375 0.159375 0.446875
1 0.6265625 0.6265625 0.1125 0.196875
1 0.55390625 0.6890625 0.115625 0.23125
0 0.4828125 0.60625 0.071875 0.1796875
0 0.40859375 0.61484375 0.121875 0.190625
0 0.57890625 0.4453125 0.090625 0.1828125
0 0.35546875 0.553125 0.0703125 0.1703125
0 0.41796875 0.48203125 0.06875 0.1140625
0 0.4484375 0.48828125 0.06875 0.1359375
0 0.49375 0.35234375 0.06875 0.1328125
0 0.43828125 0.34765625 0.0640625 0.1265625
1 0.290625 0.46015625 0.1 0.1671875