0 0.28203125 0.57578125 0.125 0.38125
0 0.17265625 0.53359375 0.1078125 0.1921875
0 0.62890625 0.52890625 0.075 0.1484375
0 0.56640625 0.60078125 0.075 0.240625
0 0.58515625 0.30390625 0.0421875 0.11875
0 0.16484375 0.68828125 0.1390625 0.2421875
1 0.69296875 0.62109375 0.1140625 0.2234375
1 0.77109375 0.578125 0.1015625 0.2171875
0 0.5109375 0.465625 0.09375 0.1703125
0 0.56640625 0.41796875 0.0546875 0.1640625
0 0.6046875 0.4 0.053125 0.109375
1 0.7296875 0.4046875 0.1140625 0.15625
1 0.45859375 0.37890625 0.1265625 0.1484375
0 0.65234375 0.2953125 0.06875 0.09375
0 0.54609375 0.31015625 0.0859375 0.1390625