1 0.71328125 0.65859375 0.109375 0.1796875
1 0.6234375 0.72734375 0.140625 0.209375
0 0.62734375 0.5078125 0.103125 0.16875
0 0.559375 0.60859375 0.1203125 0.1234375
0 0.3359375 0.57578125 0.1203125 0.1890625
0 0.2125 0.5828125 0.1140625 0.209375
1 0.25078125 0.38828125 0.09375 0.128125
1 0.29765625 0.28359375 0.125 0.003125
0 0.21640625 0.290625 0.059375 0.121875
0 0.1640625 0.39375 0.05625 0.1359375
1 0.15859375 0.26640625 0.053125 0.1015625
0 0.196875 0.24765625 0.059375 0.096875
0 0.3625 0.2625 0.059375 0.0765625
0 0.3859375 0.31171875 0.071875 0.10625
0 0.4015625 0.2546875 0.05625 0.0609375
0 0.4578125 0.29140625 0.065625 0.1140625
0 0.44140625 0.2421875 0.0515625 0.0765625
0 0.45234375 0.39453125 0.075 0.1328125
0 0.50390625 0.4 0.05625 0.1296875
0 0.55078125 0.41015625 0.06875 0.1359375
0 0.57578125 0.21171875 0.065625 0.1171875
1 0.6265625 0.1890625 0.0421875 0.0765625
0 0.6453125 0.26484375 0.0640625 0.140625
0 0.69140625 0.31484375 0.06875 0.14375
0 0.6953125 0.2390625 0.06875 0.08125
0 0.74296875 0.29296875 0.053125 0.0703125
0 0.790625 0.38828125 0.05625 0.121875
0 0.82890625 0.37265625 0.0671875 0.125
0 0.909375 0.503125 0.0859375 0.1890625