0 0.90703125 0.47421875 0.0875 0.14375
1 0.91953125 0.63515625 0.146875 0.4484375
1 0.7140625 0.653125 0.1328125 0.1875
0 0.61328125 0.6984375 0.153125 0.24375
0 0.540625 0.559375 0.0953125 0.2328125
0 0.6390625 0.515625 0.1046875 0.18125
0 0.83125 0.37109375 0.065625 0.1125
0 0.778125 0.39296875 0.0734375 0.1546875
0 0.325 0.54375 0.1078125 0.1890625
0 0.4609375 0.38984375 0.078125 0.1421875
0 0.5125 0.39609375 0.0703125 0.14375
0 0.55546875 0.4046875 0.0828125 0.1296875
0 0.6890625 0.3265625 0.09375 0.1109375
0 0.74765625 0.27734375 0.0765625 0.1234375
0 0.6953125 0.24765625 0.0953125 0.10625
0 0.5859375 0.21953125 0.0859375 0.1359375
0 0.63671875 0.1828125 0.0796875 0.103125
0 0.21171875 0.571875 0.1359375 0.225
0 0.25078125 0.384375 0.1078125 0.1390625
0 0.22265625 0.27890625 0.084375 0.121875
0 0.20234375 0.2234375 0.0671875 0.1125
0 0.35078125 0.240625 0.0796875 0.128125
0 0.4 0.2296875 0.0703125 0.103125
0 0.45546875 0.28984375 0.0875 0.1046875
0 0.43984375 0.23984375 0.059375 0.084375
0 0.3859375 0.3125 0.0734375 0.121875