0 0.40390625 0.7109375 0.1875 0.3953125
1 0.57421875 0.5984375 0.14375 0.2671875
1 0.278125 0.70234375 0.2046875 0.428125
1 0.75078125 0.69375 0.2046875 0.3328125
0 0.8640625 0.61171875 0.1625 0.3
1 0.9390625 0.5734375 0.115625 0.2203125
0 0.07890625 0.52109375 0.13125 0.425
1 0.2390625 0.49375 0.08125 0.075
1 0.33046875 0.4921875 0.0984375 0.1
1 0.48515625 0.5078125 0.0640625 0.1015625
1 0.63046875 0.51015625 0.08125 0.128125
1 0.42265625 0.49296875 0.0921875 0.084375
1 0.45078125 0.471875 0.05 0.0859375