1 0.2078125 0.35703125 0.1015625 0.30234375
1 0.28984375 0.27421875 0.09609375 0.24921875
1 0.375 0.178125 0.09296875 0.20859375
1 0.48125 0.0828125 0.075 0.165625
1 0.31953125 0.47578125 0.11328125 0.21796875
1 0.5375 0.5578125 0.1640625 0.3265625
1 0.509375 0.259375 0.09453125 0.2484375
1 0.56875 0.1421875 0.0859375 0.19375
1 0.7578125 0.090625 0.05703125 0.0875
1 0.73125 0.175 0.06484375 0.146875
1 0.6390625 0.40234375 0.0875 0.21796875
1 0.8546875 0.5453125 0.11875 0.2484375
1 0.87578125 0.36328125 0.08984375 0.2
1 0.89453125 0.26171875 0.0984375 0.1296875
1 0.9015625 0.17421875 0.06953125 0.08046875
0 0.1796875 0.81015625 0.23359375 0.190625