1 0.19296875 0.41015625 0.1234375 0.31015625
1 0.321875 0.4953125 0.13515625 0.30625
0 0.53359375 0.63046875 0.20234375 0.475
1 0.63515625 0.38515625 0.121875 0.196875
1 0.84375 0.5671875 0.153125 0.29375
1 0.87109375 0.378125 0.09609375 0.16796875
1 0.89140625 0.265625 0.0828125 0.153125
1 0.89375 0.1390625 0.0671875 0.109375
1 0.75625 0.08984375 0.06875 0.096875
1 0.73359375 0.19453125 0.07578125 0.146875
1 0.4984375 0.25390625 0.1125 0.253125
1 0.29296875 0.26640625 0.09375 0.18671875
1 0.36796875 0.17578125 0.11015625 0.203125
1 0.48828125 0.0671875 0.078125 0.13125
0 0.58125 0.1625 0.0921875 0.325