1 0.53984375 0.5890625 0.18671875 0.38125
1 0.64140625 0.39609375 0.10390625 0.20078125
1 0.85 0.56171875 0.13984375 0.27109375
1 0.859375 0.3703125 0.1015625 0.2203125
1 0.8890625 0.25546875 0.07265625 0.10703125
1 0.909375 0.159375 0.06328125 0.09453125
1 0.765625 0.0984375 0.07109375 0.09765625
1 0.72734375 0.20546875 0.1078125 0.16015625
1 0.56875 0.13828125 0.08828125 0.190625
1 0.5 0.2484375 0.12578125 0.2421875
1 0.33984375 0.43203125 0.140625 0.23359375
1 0.19609375 0.3765625 0.1078125 0.25
1 0.28828125 0.2453125 0.12109375 0.19296875
1 0.38515625 0.1734375 0.10625 0.20859375
1 0.48125 0.0796875 0.10078125 0.15859375