1 0.18515625 0.3828125 0.125 0.24453125
0 0.29296875 0.23203125 0.10703125 0.21640625
1 0.3859375 0.1765625 0.08671875 0.2046875
1 0.56484375 0.12890625 0.08828125 0.15703125
1 0.50546875 0.253125 0.10390625 0.259375
1 0.32109375 0.47890625 0.13671875 0.2828125
0 0.6421875 0.35546875 0.14921875 0.23203125
1 0.55078125 0.52890625 0.1515625 0.27421875
1 0.728125 0.190625 0.10234375 0.14921875
1 0.76875 0.09140625 0.0640625 0.09765625
1 0.90390625 0.1484375 0.05078125 0.08046875
1 0.89375 0.24453125 0.0703125 0.15390625
1 0.871875 0.384375 0.09609375 0.184375
1 0.85078125 0.59140625 0.11640625 0.2578125