1 0.184375 0.37421875 0.11953125 0.2359375
0 0.28984375 0.25859375 0.1109375 0.2359375
0 0.37734375 0.1828125 0.10625 0.221875
1 0.48984375 0.078125 0.08046875 0.1453125
1 0.57578125 0.1546875 0.09921875 0.18671875
1 0.5 0.246875 0.128125 0.228125
1 0.32265625 0.48359375 0.1265625 0.2875
1 0.54453125 0.61640625 0.16171875 0.4359375
1 0.6390625 0.41484375 0.10625 0.2828125
1 0.72890625 0.2 0.07421875 0.1890625
1 0.76171875 0.09296875 0.0625 0.1078125
1 0.90234375 0.15703125 0.059375 0.1421875
1 0.8921875 0.26171875 0.09609375 0.11015625
1 0.86796875 0.378125 0.10078125 0.15234375
1 0.85078125 0.534375 0.1109375 0.2171875
0 0.18125 0.83671875 0.25390625 0.246875