1 0.18046875 0.34453125 0.10625 0.16796875
1 0.290625 0.25390625 0.11171875 0.15625
1 0.334375 0.4484375 0.09921875 0.2296875
1 0.55546875 0.5859375 0.22734375 0.35625
0 0.64609375 0.3890625 0.13515625 0.22109375
1 0.38671875 0.146875 0.12578125 0.22109375
1 0.85546875 0.546875 0.13359375 0.24453125
0 0.89140625 0.25703125 0.09765625 0.14375
1 0.73359375 0.19609375 0.09296875 0.13984375
1 0.571875 0.10625 0.05546875 0.11640625
1 0.496875 0.234375 0.11796875 0.20234375
0 0.50078125 0.05703125 0.0828125 0.1140625
1 0.76796875 0.084375 0.06015625 0.10390625
1 0.9078125 0.15390625 0.04921875 0.0890625