1 0.20546875 0.34453125 0.10859375 0.2828125
1 0.2953125 0.2453125 0.1328125 0.1890625
0 0.37734375 0.171875 0.10859375 0.2109375
1 0.490625 0.075 0.08359375 0.13125
1 0.57421875 0.16484375 0.0703125 0.21484375
1 0.5078125 0.25078125 0.103125 0.23046875
1 0.3203125 0.45546875 0.1296875 0.21875
0 0.18359375 0.81171875 0.253125 0.22734375
1 0.5484375 0.59765625 0.1734375 0.39140625
1 0.64765625 0.390625 0.11875 0.20859375
1 0.72109375 0.215625 0.109375 0.225
1 0.76640625 0.1 0.05546875 0.0984375
1 0.8984375 0.15859375 0.0640625 0.11328125
1 0.8890625 0.25546875 0.0921875 0.1125
1 0.87421875 0.3609375 0.09765625 0.140625
1 0.85390625 0.61328125 0.12734375 0.375