0 0.20078125 0.8109375 0.03671875 0.05859375
0 0.4734375 0.65390625 0.0265625 0.034375
0 0.3765625 0.55078125 0.03125 0.0265625
1 0.2640625 0.8265625 0.10078125 0.2890625
1 0.4234375 0.57421875 0.090625 0.165625
1 0.515625 0.70703125 0.13125 0.23359375
0 0.4515625 0.5484375 0.01015625 0.0265625
0 0.7 0.615625 0.01875 0.02109375
1 0.72890625 0.61484375 0.08984375 0.15703125
0 0.6765625 0.4046875 0.01328125 0.021875
1 0.70859375 0.40078125 0.0359375 0.08046875
0 0.30859375 0.4484375 0.015625 0.034375
1 0.32890625 0.4578125 0.084375 0.13359375