0 0.690625 0.81015625 0.0359375 0.04453125
1 0.7578125 0.83359375 0.090625 0.2234375
0 0.465625 0.65625 0.03046875 0.0359375
1 0.50703125 0.70859375 0.1375 0.25
0 0.6 0.5046875 0.015625 0.021875
1 0.6453125 0.534375 0.08984375 0.1515625
0 0.4484375 0.54140625 0.01875 0.03359375
1 0.496875 0.52734375 0.08046875 0.1609375
0 0.3859375 0.55546875 0.0328125 0.03046875
1 0.421875 0.621875 0.08515625 0.2265625
0 0.09609375 0.80390625 0.0296875 0.0484375
1 0.1296875 0.859375 0.1234375 0.2765625
0 0.71015625 0.6765625 0.02578125 0.02890625
1 0.73828125 0.653125 0.0921875 0.2125