0 0.4515625 0.71953125 0.0296875 0.040625
0 0.6015625 0.853125 0.0375 0.03359375
0 0.5421875 0.69453125 0.03046875 0.028125
0 0.82734375 0.6546875 0.01328125 0.028125
0 0.6921875 0.5953125 0.021875 0.0234375
0 0.1125 0.8 0.03671875 0.046875
1 0.17890625 0.8890625 0.1375 0.2109375
1 0.715625 0.890625 0.11015625 0.21796875
1 0.6046875 0.66015625 0.09921875 0.2109375
1 0.7375 0.596875 0.075 0.16796875
1 0.8984375 0.6921875 0.0484375 0.1609375
0 0.840625 0.52265625 0.0171875 0.0140625
1 0.8828125 0.54765625 0.040625 0.103125
0 0.72265625 0.46875 0.01171875 0.03046875
1 0.7546875 0.459375 0.05 0.10703125