0 0.571875 0.93359375 0.046875 0.0640625
0 0.603125 0.84765625 0.0296875 0.0625
0 0.725 0.8125 0.02109375 0.07109375
0 0.59375 0.6578125 0.021875 0.04453125
0 0.44453125 0.5375 0.0265625 0.03046875
0 0.8640625 0.69375 0.0203125 0.03046875
1 0.4046875 0.559375 0.09140625 0.15546875
1 0.6484375 0.66171875 0.078125 0.16953125
1 0.68203125 0.9203125 0.1296875 0.159375
1 0.7578125 0.853125 0.05703125 0.2015625
1 0.91875 0.69765625 0.08359375 0.14453125
0 0.534375 0.43046875 0.0234375 0.021875
1 0.578125 0.428125 0.059375 0.1
0 0.8609375 0.50546875 0.00859375 0.040625
1 0.88203125 0.5328125 0.04765625 0.090625
0 0.75625 0.459375 0.01328125 0.015625
1 0.784375 0.44921875 0.05234375 0.10390625