0 0.696875 0.615625 0.025 0.02890625
0 0.371875 0.55546875 0.028125 0.0234375
0 0.6046875 0.515625 0.021875 0.021875
0 0.109375 0.81328125 0.02578125 0.0609375
1 0.14921875 0.8796875 0.13359375 0.21953125
1 0.4265625 0.56328125 0.0859375 0.153125
1 0.6328125 0.50078125 0.071875 0.1484375
1 0.7390625 0.61875 0.06875 0.140625
0 0.72734375 0.4625 0.01796875 0.01953125
0 0.74453125 0.4578125 0.0171875 0.01953125
1 0.76171875 0.46953125 0.0484375 0.11796875
0 0.659375 0.409375 0.0140625 0.0140625
1 0.684375 0.3875 0.040625 0.08046875