0 0.09375 0.8 0.02734375 0.04296875
0 0.465625 0.65546875 0.02890625 0.034375
0 0.3859375 0.553125 0.02265625 0.0390625
0 0.60078125 0.50546875 0.02265625 0.01796875
0 0.45 0.540625 0.01875 0.0265625
1 0.125 0.8546875 0.12890625 0.265625
1 0.42109375 0.5734375 0.08984375 0.159375
1 0.5 0.528125 0.0859375 0.17890625
1 0.659375 0.51796875 0.065625 0.1125
1 0.5046875 0.7046875 0.13671875 0.21640625
0 0.696875 0.8125 0.025 0.0390625
1 0.753125 0.84296875 0.084375 0.234375
0 0.75625 0.45390625 0.01484375 0.01953125
1 0.78125 0.459375 0.059375 0.09140625