0 0.2046875 0.7890625 0.028125 0.05546875
1 0.2390625 0.78984375 0.1296875 0.246875
0 0.47421875 0.653125 0.02734375 0.03359375
1 0.515625 0.70234375 0.128125 0.24453125
0 0.37578125 0.55078125 0.03046875 0.025
1 0.421875 0.59765625 0.1015625 0.1890625
0 0.703125 0.61328125 0.015625 0.01796875
1 0.72734375 0.6125 0.0875 0.15546875
0 0.5984375 0.509375 0.01796875 0.021875
1 0.62421875 0.509375 0.071875 0.15859375
0 0.6765625 0.4046875 0.0140625 0.01953125
1 0.7078125 0.4015625 0.03828125 0.08359375