0 0.615625 0.846875 0.0234375 0.05703125
0 0.4484375 0.7171875 0.0265625 0.0359375
0 0.5484375 0.69765625 0.03359375 0.0265625
0 0.6984375 0.61015625 0.02265625 0.02890625
0 0.82734375 0.6546875 0.01328125 0.02890625
0 0.8125 0.5296875 0.0171875 0.021875
0 0.11328125 0.80078125 0.03515625 0.046875
1 0.178125 0.890625 0.1265625 0.21796875
1 0.66328125 0.865625 0.1203125 0.26796875
1 0.4875 0.71484375 0.1046875 0.240625
1 0.6140625 0.66171875 0.0875 0.2015625
1 0.746875 0.60859375 0.07890625 0.16953125
1 0.90859375 0.6984375 0.05703125 0.1625
1 0.8703125 0.53671875 0.05703125 0.1125
0 0.72265625 0.4703125 0.0125 0.03203125
1 0.7546875 0.459375 0.04921875 0.109375
0 0.66328125 0.446875 0.01328125 0.025
1 0.68515625 0.41875 0.03203125 0.0859375