0 0.190625 0.74609375 0.025 0.065625
1 0.2703125 0.81484375 0.1234375 0.265625
0 0.57265625 0.93203125 0.0453125 0.059375
1 0.671875 0.9140625 0.1875 0.171875
0 0.6078125 0.8421875 0.028125 0.0515625
1 0.6828125 0.8296875 0.103125 0.15859375
0 0.4453125 0.5390625 0.025 0.02890625
1 0.5140625 0.53359375 0.08125 0.1515625
0 0.878125 0.73125 0.021875 0.0390625
1 0.91640625 0.7125 0.06875 0.165625
0 0.5328125 0.43046875 0.021875 0.0234375
1 0.5765625 0.428125 0.06171875 0.10546875
0 0.75859375 0.4609375 0.01796875 0.01796875
1 0.7875 0.4640625 0.05 0.13359375