0 0.4734375 0.6546875 0.02421875 0.03203125
1 0.5265625 0.71875 0.11953125 0.23359375
0 0.696875 0.615625 0.03125 0.028125
1 0.74609375 0.65 0.07734375 0.2109375
0 0.1140625 0.8125 0.02890625 0.05390625
1 0.14921875 0.8828125 0.1328125 0.234375
0 0.371875 0.55546875 0.028125 0.01796875
1 0.4296875 0.575 0.08984375 0.16953125
0 0.4546875 0.5484375 0.0234375 0.025
1 0.5078125 0.52578125 0.06328125 0.19140625
0 0.728125 0.46171875 0.01875 0.02109375
1 0.753125 0.4515625 0.040625 0.0875
0 0.59921875 0.51015625 0.01484375 0.01640625
1 0.62890625 0.49453125 0.06015625 0.1109375