0 0.1125 0.8 0.04140625 0.046875
0 0.55546875 0.68828125 0.03046875 0.034375
0 0.61171875 0.80859375 0.03046875 0.06640625
0 0.6828125 0.78359375 0.015625 0.0359375
0 0.8265625 0.6546875 0.01484375 0.03046875
1 0.6234375 0.65390625 0.07578125 0.19140625
1 0.75390625 0.796875 0.08828125 0.1765625
1 0.84375 0.73515625 0.0921875 0.175
1 0.0703125 0.83828125 0.12421875 0.2734375
1 0.6453125 0.87890625 0.13984375 0.24140625
0 0.8109375 0.52890625 0.01953125 0.02109375
1 0.8703125 0.525 0.05546875 0.1