0 0.4859375 0.69921875 0.03203125 0.0375
0 0.5359375 0.69609375 0.03359375 0.034375
0 0.6515625 0.83515625 0.021875 0.05390625
0 0.8109375 0.721875 0.015625 0.03359375
0 0.828125 0.6578125 0.0140625 0.02890625
0 0.690625 0.59140625 0.02109375 0.02109375
0 0.8125 0.5296875 0.01484375 0.01953125
0 0.11328125 0.803125 0.03203125 0.053125
1 0.5828125 0.66953125 0.09375 0.209375
1 0.6765625 0.86796875 0.10546875 0.2640625
1 0.853125 0.7546875 0.0796875 0.23359375
1 0.903125 0.70078125 0.0484375 0.1875
1 0.73671875 0.615625 0.07578125 0.221875
1 0.8875 0.52265625 0.04140625 0.103125
1 0.16953125 0.86875 0.1171875 0.2265625