0 0.571875 0.93359375 0.04296875 0.05546875
0 0.6078125 0.84609375 0.02890625 0.065625
0 0.721875 0.80546875 0.01796875 0.053125
1 0.6921875 0.9140625 0.140625 0.171875
1 0.6765625 0.8421875 0.11328125 0.20546875
1 0.753125 0.846875 0.05703125 0.22109375
1 0.91875 0.71953125 0.0703125 0.18046875
0 0.878125 0.734375 0.02109375 0.03359375
0 0.60546875 0.67890625 0.025 0.0609375
1 0.6453125 0.690625 0.09140625 0.1875
0 0.4453125 0.53828125 0.0265625 0.028125
1 0.5296875 0.546875 0.08515625 0.16953125
0 0.534375 0.4296875 0.0203125 0.01640625
1 0.578125 0.4234375 0.05859375 0.09609375
0 0.759375 0.459375 0.0171875 0.01640625
1 0.7859375 0.45 0.05078125 0.10703125
0 0.20625 0.7765625 0.02890625 0.0609375
1 0.271875 0.8 0.10078125 0.240625