0 0.2140625 0.75390625 0.04375 0.0375
0 0.609375 0.665625 0.02265625 0.05703125
0 0.61015625 0.85078125 0.0375 0.06953125
0 0.8640625 0.51171875 0.0125 0.04140625
0 0.8734375 0.7359375 0.02109375 0.034375
0 0.56875 0.93515625 0.02734375 0.04609375
0 0.1078125 0.603125 0.021875 0.05
1 0.08203125 0.6359375 0.0859375 0.2015625
1 0.3 0.83125 0.1140625 0.2359375
1 0.6421875 0.66953125 0.08046875 0.1640625
1 0.68984375 0.9140625 0.1546875 0.171875
1 0.9203125 0.69765625 0.06640625 0.1265625
1 0.8796875 0.53359375 0.05859375 0.1
0 0.1078125 0.81640625 0.02734375 0.06640625
1 0.07421875 0.85234375 0.1140625 0.28359375
0 0.7265625 0.8140625 0.02421875 0.0625
1 0.746875 0.840625 0.06484375 0.1890625
0 0.75625 0.4546875 0.01484375 0.025
1 0.78359375 0.44765625 0.0484375 0.10390625