0 0.2015625 0.80546875 0.0359375 0.0625
1 0.2515625 0.815625 0.1 0.259375
0 0.47265625 0.65234375 0.03046875 0.0375
1 0.5125 0.7140625 0.1390625 0.2515625
0 0.3765625 0.55078125 0.02890625 0.02890625
1 0.4203125 0.57734375 0.09375 0.171875
0 0.7 0.61953125 0.02734375 0.03203125
1 0.73203125 0.6328125 0.08046875 0.196875
0 0.596875 0.5078125 0.0171875 0.0265625
1 0.6234375 0.509375 0.07109375 0.15546875
0 0.72578125 0.4703125 0.015625 0.0234375
1 0.753125 0.46953125 0.0546875 0.1265625
0 0.6765625 0.40546875 0.01328125 0.02109375
0 0.71015625 0.40078125 0.03671875 0.08359375