0 0.4734375 0.65390625 0.025 0.03359375
1 0.5265625 0.7109375 0.11328125 0.228125
0 0.371875 0.55546875 0.0296875 0.01796875
1 0.43203125 0.5640625 0.08671875 0.184375
1 0.503125 0.52890625 0.0703125 0.16640625
0 0.4546875 0.54921875 0.0234375 0.0234375
1 0.753125 0.65234375 0.06328125 0.2109375
0 0.7 0.6171875 0.02578125 0.028125
0 0.11328125 0.81328125 0.02890625 0.05390625
1 0.15078125 0.87890625 0.13203125 0.23046875
0 0.3171875 0.446875 0.0140625 0.034375
1 0.33828125 0.46171875 0.06953125 0.1375
0 0.72734375 0.4625 0.01796875 0.01796875
1 0.76015625 0.45703125 0.0484375 0.0875
0 0.6 0.51171875 0.015625 0.0234375
1 0.63203125 0.490625 0.06484375 0.11953125