0 0.1125 0.8 0.03515625 0.04609375
1 0.1796875 0.890625 0.1359375 0.21796875
0 0.4484375 0.7171875 0.02734375 0.040625
1 0.490625 0.72421875 0.1203125 0.29453125
0 0.5984375 0.828125 0.0265625 0.06953125
1 0.65 0.86484375 0.14375 0.2703125
0 0.69140625 0.590625 0.0265625 0.03046875
1 0.7375 0.60234375 0.1 0.175
0 0.815625 0.73984375 0.02265625 0.0265625
1 0.8515625 0.75625 0.08203125 0.221875
0 0.8265625 0.653125 0.0140625 0.0265625
1 0.896875 0.7015625 0.05703125 0.15546875
0 0.8125 0.5296875 0.01796875 0.01953125
1 0.86484375 0.5375 0.07734375 0.1234375
0 0.35546875 0.37109375 0.0125 0.03046875
1 0.36640625 0.37265625 0.06015625 0.0984375
0 0.18125 0.62421875 0.02734375 0.04453125
1 0.2296875 0.62890625 0.11484375 0.171875