0 0.115625 0.48046875 0.025 0.01953125
0 0.4671875 0.65625 0.02734375 0.0359375
0 0.60078125 0.50625 0.01875 0.02109375
1 0.146875 0.49609375 0.06328125 0.1390625
1 0.51953125 0.70625 0.1390625 0.24609375
1 0.6515625 0.5125 0.06328125 0.115625
0 0.6953125 0.81171875 0.0265625 0.040625
1 0.75390625 0.840625 0.09140625 0.23046875
0 0.7578125 0.45546875 0.0140625 0.01796875
1 0.778125 0.465625 0.059375 0.09609375
0 0.6765625 0.4046875 0.0171875 0.02109375
1 0.7078125 0.39765625 0.0390625 0.08203125