0 0.1125 0.8 0.03515625 0.05
1 0.0703125 0.85078125 0.12734375 0.2984375
0 0.484375 0.696875 0.03515625 0.04140625
1 0.590625 0.659375 0.10546875 0.2734375
0 0.6515625 0.84375 0.02578125 0.0609375
1 0.6546875 0.86875 0.14140625 0.2625
0 0.828125 0.65546875 0.01640625 0.0265625
1 0.8390625 0.76015625 0.10078125 0.20859375
0 0.8109375 0.52890625 0.01953125 0.025
1 0.8640625 0.5671875 0.0671875 0.09609375
0 0.4984375 0.41796875 0.01484375 0.03046875
1 0.515625 0.4546875 0.075 0.1734375
0 0.09453125 0.434375 0.0265625 0.03203125
1 0.13125 0.4109375 0.06171875 0.1359375