0 0.1046875 0.815625 0.0296875 0.06640625
0 0.571875 0.934375 0.04375 0.0640625
0 0.60234375 0.84453125 0.02890625 0.0609375
0 0.7265625 0.81875 0.025 0.075
0 0.87265625 0.7359375 0.01875 0.03203125
0 0.60625 0.6640625 0.02734375 0.05859375
0 0.8625 0.51328125 0.01171875 0.04140625
1 0.07421875 0.84140625 0.1203125 0.2734375
1 0.640625 0.671875 0.0828125 0.18359375
1 0.66171875 0.825 0.08359375 0.146875
1 0.75703125 0.84296875 0.06484375 0.19140625
1 0.68125 0.9125 0.128125 0.175
1 0.88359375 0.5265625 0.04921875 0.07890625
1 0.92265625 0.69453125 0.06328125 0.1234375
0 0.4484375 0.546875 0.025 0.04609375
1 0.51875 0.53515625 0.0625 0.153125
0 0.75625 0.453125 0.01328125 0.025
1 0.784375 0.446875 0.0484375 0.1015625