0 0.4546875 0.553125 0.02109375 0.0265625
0 0.371875 0.4546875 0.01875 0.028125
0 0.4875 0.4234375 0.0265625 0.021875
0 0.64375 0.396875 0.01796875 0.01953125
1 0.4109375 0.43359375 0.06640625 0.146875
1 0.5 0.53359375 0.07890625 0.16796875
1 0.52734375 0.415625 0.0640625 0.10859375
0 0.66875 0.4171875 0.01796875 0.01796875
1 0.6875 0.41796875 0.0421875 0.1125
0 0.015625 0.64921875 0.015625 0.034375
1 0.0609375 0.6453125 0.0890625 0.21796875
0 0.61484375 0.50546875 0.01640625 0.01640625
1 0.621875 0.5 0.07578125 0.1359375