0 0.59609375 0.515625 0.01796875 0.02109375
0 0.7296875 0.57421875 0.01875 0.04296875
0 0.7796875 0.715625 0.03046875 0.03203125
1 0.63515625 0.4921875 0.06328125 0.14609375
1 0.7640625 0.58671875 0.07109375 0.1515625
1 0.84375 0.721875 0.0859375 0.19453125
0 0.4921875 0.4265625 0.028125 0.02109375
1 0.5515625 0.4359375 0.0546875 0.090625
0 0.48828125 0.3703125 0.01875 0.015625
1 0.5390625 0.359375 0.06171875 0.06796875
0 0.43046875 0.32578125 0.0140625 0.015625
1 0.46015625 0.31328125 0.04765625 0.0765625