0 0.4734375 0.65546875 0.02734375 0.03203125
1 0.515625 0.71484375 0.1375 0.2265625
0 0.37734375 0.5515625 0.028125 0.03046875
1 0.425 0.5625 0.115625 0.1640625
0 0.596875 0.509375 0.015625 0.021875
1 0.62265625 0.51640625 0.06953125 0.16796875
0 0.725 0.47265625 0.0125 0.0140625
1 0.753125 0.471875 0.05234375 0.12890625
0 0.70078125 0.62109375 0.02421875 0.02890625
1 0.7265625 0.63828125 0.0890625 0.2
0 0.30625 0.459375 0.0234375 0.0390625
1 0.328125 0.47578125 0.078125 0.159375
0 0.67578125 0.4046875 0.0140625 0.02109375
1 0.71015625 0.3984375 0.03515625 0.08203125