0 0.1109375 0.7984375 0.0390625 0.04453125
1 0.178125 0.8921875 0.128125 0.215625
0 0.45 0.71875 0.025 0.040625
1 0.4875 0.73515625 0.12734375 0.2609375
0 0.69140625 0.59609375 0.01953125 0.02890625
1 0.72734375 0.60390625 0.08515625 0.2390625
0 0.60625 0.82578125 0.02265625 0.06796875
1 0.63828125 0.85859375 0.1390625 0.2828125
0 0.815625 0.74453125 0.015625 0.04296875
1 0.846875 0.75625 0.09140625 0.21796875
0 0.82734375 0.6546875 0.01640625 0.021875
1 0.89375 0.65390625 0.04453125 0.09296875
0 0.65 0.4171875 0.01484375 0.01796875
1 0.6796875 0.409375 0.0390625 0.0859375