0 0.3125 0.45546875 0.0171875 0.04453125
1 0.3328125 0.47265625 0.075 0.1640625
0 0.4484375 0.54765625 0.01640625 0.03359375
1 0.49375 0.52890625 0.0734375 0.17109375
0 0.47265625 0.65546875 0.02734375 0.02890625
1 0.515625 0.72109375 0.1359375 0.25
0 0.5953125 0.50859375 0.015625 0.028125
1 0.6234375 0.50703125 0.06796875 0.1734375
0 0.3765625 0.553125 0.028125 0.0234375
1 0.4265625 0.565625 0.08984375 0.15703125
0 0.6765625 0.40546875 0.01484375 0.01796875
1 0.709375 0.3984375 0.034375 0.07890625