0 0.09375 0.79921875 0.02421875 0.040625
0 0.46875 0.65703125 0.03515625 0.05546875
0 0.60078125 0.50546875 0.021875 0.01953125
0 0.6953125 0.821875 0.03515625 0.04296875
0 0.3875 0.55390625 0.021875 0.034375
1 0.13125 0.8578125 0.10703125 0.28359375
1 0.51875 0.7046875 0.1265625 0.23203125
1 0.421875 0.57890625 0.08515625 0.1515625
1 0.753125 0.82890625 0.08125 0.22890625
1 0.65 0.5125 0.06640625 0.1140625
0 0.6765625 0.40390625 0.01796875 0.02109375
1 0.7 0.3984375 0.0359375 0.08359375
0 0.7578125 0.45546875 0.0140625 0.01796875
1 0.78125 0.46796875 0.05234375 0.09296875