0 0.3828125 0.553125 0.02578125 0.03046875
0 0.3171875 0.46171875 0.0203125 0.025
0 0.6 0.51328125 0.0203125 0.021875
0 0.7390625 0.57265625 0.01796875 0.04140625
0 0.778125 0.690625 0.01796875 0.03046875
0 0.484375 0.42421875 0.02578125 0.02109375
0 0.4890625 0.371875 0.0171875 0.01953125
1 0.35703125 0.46015625 0.0703125 0.115625
1 0.41875 0.55390625 0.0921875 0.16640625
1 0.521875 0.4171875 0.0578125 0.13046875
1 0.553125 0.3640625 0.03515625 0.075
1 0.63515625 0.4890625 0.06875 0.1484375
1 0.7671875 0.58828125 0.06875 0.1484375
1 0.85078125 0.746875 0.08203125 0.2359375