0 0.1125 0.8 0.04296875 0.053125
0 0.4515625 0.72109375 0.03359375 0.04296875
0 0.5421875 0.69453125 0.034375 0.03203125
1 0.61171875 0.65078125 0.0953125 0.1984375
0 0.15625 0.89765625 0.02890625 0.046875
1 0.1859375 0.8953125 0.1125 0.209375
0 0.690625 0.59453125 0.02109375 0.0234375
1 0.740625 0.59609375 0.08515625 0.1484375
0 0.82734375 0.65390625 0.01640625 0.03359375
1 0.8515625 0.71015625 0.0828125 0.134375
1 0.075 0.8625 0.11953125 0.26953125
1 0.5140625 0.7078125 0.10703125 0.21953125
0 0.840625 0.52265625 0.0140625 0.0140625
1 0.87734375 0.53828125 0.04921875 0.0890625