0 0.1078125 0.6296875 0.02421875 0.040625
0 0.3734375 0.55078125 0.02421875 0.03203125
0 0.834375 0.5265625 0.01796875 0.015625
0 0.446875 0.5390625 0.0234375 0.028125
1 0.1734375 0.62265625 0.12421875 0.19453125
1 0.4046875 0.56484375 0.0875 0.153125
1 0.490625 0.5390625 0.07734375 0.16796875
1 0.878125 0.5375 0.053125 0.090625
0 0.8078125 0.52421875 0.0171875 0.01953125
0 0.7203125 0.46640625 0.01875 0.02109375
1 0.79296875 0.459375 0.03984375 0.0875
0 0.46875 0.3625 0.0140625 0.02109375
1 0.4859375 0.359375 0.04140625 0.09609375