0 0.1109375 0.815625 0.028125 0.05546875
1 0.15 0.8796875 0.14296875 0.240625
0 0.37265625 0.55703125 0.0265625 0.02109375
1 0.4265625 0.57890625 0.0953125 0.1484375
0 0.47421875 0.65234375 0.02578125 0.03046875
1 0.51953125 0.7140625 0.11640625 0.24140625
0 0.69453125 0.6171875 0.02421875 0.02890625
1 0.74765625 0.646875 0.0703125 0.196875
0 0.59765625 0.50859375 0.01796875 0.028125
1 0.62421875 0.50703125 0.07421875 0.15546875
0 0.725 0.46015625 0.015625 0.01640625
1 0.75 0.4765625 0.05390625 0.1375