0 0.0953125 0.8 0.025 0.0390625
1 0.121875 0.853125 0.13984375 0.27890625
0 0.4671875 0.65703125 0.0296875 0.03359375
1 0.5078125 0.71015625 0.13984375 0.2375
0 0.68984375 0.8125 0.0296875 0.0359375
1 0.76796875 0.853125 0.0875 0.23359375
0 0.70546875 0.67578125 0.025 0.04296875
1 0.734375 0.6265625 0.09921875 0.17109375
0 0.6 0.50625 0.0203125 0.0234375
1 0.6484375 0.521875 0.07109375 0.125
0 0.4453125 0.540625 0.025 0.028125
1 0.49375 0.528125 0.07890625 0.1734375
0 0.7578125 0.4546875 0.0140625 0.01640625
1 0.77421875 0.484375 0.06640625 0.1234375