0 0.315625 0.4625 0.0203125 0.0234375
0 0.3828125 0.553125 0.021875 0.028125
0 0.7421875 0.44296875 0.01171875 0.01796875
0 0.73671875 0.57421875 0.0171875 0.03359375
1 0.35 0.46171875 0.06640625 0.12109375
1 0.4265625 0.5609375 0.07578125 0.1765625
1 0.771875 0.58515625 0.06171875 0.14296875
1 0.759375 0.4625 0.03984375 0.10546875
1 0.5515625 0.36328125 0.0359375 0.0765625
0 0.4890625 0.37109375 0.015625 0.015625
0 0.484375 0.42421875 0.02734375 0.02109375
1 0.5203125 0.41875 0.05625 0.11640625