1 0.52421875 0.69921875 0.075 0.24296875
0 0.465625 0.65546875 0.025 0.03359375
1 0.7625 0.83828125 0.08515625 0.215625
0 0.6890625 0.8046875 0.02734375 0.0234375
1 0.74609375 0.6390625 0.06875 0.178125
0 0.69921875 0.67890625 0.02734375 0.03359375
0 0.446875 0.540625 0.02421875 0.025
1 0.49453125 0.5296875 0.06875 0.18046875
0 0.60078125 0.5046875 0.01875 0.0125
0 0.621875 0.48984375 0.01953125 0.0140625
1 0.65390625 0.51484375 0.0578125 0.11953125
1 0.6859375 0.4921875 0.03515625 0.1359375
0 0.0953125 0.79609375 0.02421875 0.03046875
1 0.134375 0.8484375 0.10625 0.26796875