0 0.378125 0.45703125 0.02109375 0.021875
0 0.38046875 0.5265625 0.01484375 0.0265625
0 0.3140625 0.45546875 0.01328125 0.02109375
0 0.7359375 0.58515625 0.021875 0.025
0 0.7421875 0.44296875 0.01328125 0.01796875
0 0.4875 0.37109375 0.0171875 0.015625
1 0.33515625 0.45546875 0.07734375 0.125
1 0.40859375 0.546875 0.08515625 0.19140625
1 0.771875 0.5890625 0.06015625 0.15390625
1 0.77734375 0.484375 0.05390625 0.1109375
1 0.5265625 0.3578125 0.05234375 0.0875
1 0.4171875 0.41328125 0.06015625 0.1015625
0 0.4921875 0.42734375 0.0296875 0.02109375
1 0.5515625 0.43359375 0.05390625 0.09140625