0 0.39296875 0.5375 0.18515625 0.2234375
0 0.4125 0.421875 0.134375 0.14453125
0 0.571875 0.515625 0.20703125 0.21171875
0 0.634375 0.41953125 0.115625 0.16328125
0 0.29921875 0.4265625 0.14453125 0.17578125
1 0.24375 0.7171875 0.3390625 0.4546875
0 0.12109375 0.55859375 0.1609375 0.25703125
0 0.8125 0.7359375 0.31484375 0.4515625
0 0.50625 0.73671875 0.27890625 0.4515625
1 0.69375 0.490625 0.13203125 0.2046875
1 0.5109375 0.4234375 0.14921875 0.1703125
0 0.3234375 0.3640625 0.09140625 0.115625
1 0.3859375 0.3609375 0.09609375 0.14921875
0 0.459375 0.36640625 0.10078125 0.13203125