0 0.74296875 0.74296875 0.2953125 0.478125
0 0.459375 0.72734375 0.30078125 0.459375
1 0.1875 0.7015625 0.33203125 0.4328125
0 0.12734375 0.5140625 0.146875 0.2015625
0 0.6859375 0.5265625 0.1828125 0.2359375
0 0.5359375 0.5328125 0.21171875 0.2640625
0 0.35703125 0.5265625 0.165625 0.2015625
0 0.24140625 0.49140625 0.15390625 0.1421875
0 0.30859375 0.428125 0.1203125 0.1734375
0 0.6390625 0.45546875 0.1109375 0.1734375
0 0.42890625 0.39453125 0.08671875 0.16328125
0 0.44609375 0.44453125 0.08203125 0.1390625
0 0.49765625 0.384375 0.06953125 0.0890625