0 0.36171875 0.40859375 0.1296875 0.1921875
0 0.4734375 0.3640625 0.0796875 0.1703125
0 0.5 0.39765625 0.071875 0.0890625
0 0.60234375 0.5140625 0.2140625 0.259375
0 0.78828125 0.77109375 0.3609375 0.4578125
0 0.765625 0.50390625 0.15390625 0.259375
0 0.1859375 0.5140625 0.1703125 0.1875
0 0.296875 0.52734375 0.165625 0.18984375
0 0.43515625 0.5296875 0.16328125 0.2453125
0 0.20546875 0.7296875 0.2984375 0.43984375
0 0.51953125 0.7703125 0.2640625 0.44453125
0 0.70078125 0.43359375 0.1078125 0.21875
0 0.41953125 0.37890625 0.08203125 0.15390625
0 0.54453125 0.365625 0.08203125 0.13203125