0 0.29296875 0.5296875 0.2640625 0.2234375
0 0.2859375 0.3796875 0.13203125 0.0890625
0 0.21015625 0.428125 0.15859375 0.12734375
0 0.50390625 0.428125 0.2328125 0.125
0 0.12734375 0.5046875 0.2546875 0.18984375
0 0.5296875 0.52265625 0.28125 0.21640625
0 0.80390625 0.75625 0.3921875 0.4375
0 0.37734375 0.75390625 0.49765625 0.4375
0 0.75859375 0.5140625 0.2328125 0.23046875
0 0.6734375 0.43359375 0.15390625 0.209375
0 0.37734375 0.36875 0.08203125 0.12265625
0 0.4578125 0.3859375 0.0984375 0.146875