0 0.2234375 0.3390625 0.1734375 0.16328125
0 0.27734375 0.2875 0.11796875 0.09375
0 0.3578125 0.259375 0.08671875 0.05546875
0 0.44140625 0.2609375 0.07421875 0.0578125
0 0.62890625 0.35703125 0.134375 0.165625
0 0.74609375 0.39453125 0.28125 0.18046875
0 0.52734375 0.4171875 0.2328125 0.21875
0 0.3234375 0.40859375 0.19453125 0.1921875
0 0.1421875 0.4109375 0.1875 0.1828125
0 0.14765625 0.5765625 0.2953125 0.28828125
0 0.8171875 0.6078125 0.365625 0.365625
1 0.4625 0.64453125 0.3296875 0.39921875
1 0.48046875 0.353125 0.134375 0.15859375