0 0.65 0.3234375 0.09140625 0.115625
0 0.8796875 0.34375 0.1515625 0.13671875
0 0.38203125 0.43125 0.1421875 0.14453125
0 0.5453125 0.43515625 0.1390625 0.18046875
0 0.30625 0.54296875 0.35078125 0.30078125
0 0.74140625 0.63203125 0.384375 0.43515625
0 0.19140625 0.4390625 0.15625 0.1421875
1 0.5578125 0.3296875 0.08671875 0.14921875
0 0.59375 0.359375 0.103125 0.10546875
1 0.76796875 0.39765625 0.2359375 0.18046875
1 0.42890625 0.36328125 0.14921875 0.15859375
1 0.46875 0.32578125 0.11328125 0.16328125
1 0.709375 0.3390625 0.1109375 0.12734375
1 0.95546875 0.4109375 0.0890625 0.18984375