0 0.06875 0.63984375 0.134375 0.2171875
0 0.2375 0.6234375 0.1296875 0.2421875
0 0.1828125 0.5625 0.0765625 0.2109375
0 0.23125 0.4984375 0.071875 0.103125
0 0.29140625 0.54921875 0.0625 0.14375
0 0.26875 0.46484375 0.0375 0.0578125
0 0.321875 0.5015625 0.0453125 0.0890625
0 0.340625 0.47265625 0.0546875 0.0765625
1 0.45078125 0.63046875 0.1109375 0.2375
0 0.57890625 0.6390625 0.125 0.2109375
1 0.4578125 0.490625 0.075 0.1203125
1 0.5359375 0.50234375 0.0796875 0.1359375
0 0.85234375 0.6453125 0.175 0.2515625
1 0.93515625 0.6453125 0.1296875 0.2234375
0 0.7875 0.5328125 0.090625 0.140625
0 0.6765625 0.5453125 0.1140625 0.1390625
1 0.74921875 0.5 0.0765625 0.1109375
1 0.64765625 0.471875 0.0359375 0.0625
1 0.68984375 0.46640625 0.0390625 0.08125