0 0.5734375 0.64375 0.0953125 0.196875
0 0.23359375 0.63046875 0.11875 0.2046875
0 0.22578125 0.4921875 0.0421875 0.1109375
0 0.17734375 0.540625 0.046875 0.1546875
0 0.3109375 0.55546875 0.06875 0.125
0 0.8546875 0.65625 0.13125 0.2
0 0.66171875 0.496875 0.053125 0.103125
0 0.078125 0.6515625 0.15625 0.2484375
0 0.6046875 0.70078125 0.046875 0.0484375
0 0.46015625 0.653125 0.128125 0.2734375
0 0.46875 0.509375 0.0890625 0.125
0 0.5421875 0.49609375 0.0828125 0.14375
0 0.94921875 0.6265625 0.1015625 0.221875
0 0.815625 0.53828125 0.1125 0.1421875