0 0.3578125 0.33046875 0.10078125 0.10078125
0 0.4828125 0.45078125 0.2640625 0.259375
0 0.5828125 0.3421875 0.103125 0.09375
0 0.08984375 0.3796875 0.15625 0.15625
0 0.28515625 0.3578125 0.09375 0.071875
0 0.22265625 0.4484375 0.25703125 0.19453125
0 0.77890625 0.6609375 0.4421875 0.47578125
0 0.0796875 0.62265625 0.15859375 0.34609375
0 0.63671875 0.41953125 0.1390625 0.15625
1 0.15234375 0.3328125 0.08203125 0.0890625
0 0.240625 0.32421875 0.11328125 0.084375
1 0.353125 0.7078125 0.4328125 0.4375