0 0.165625 0.553125 0.3265625 0.4234375
1 0.60078125 0.7171875 0.48046875 0.56484375
1 0.915625 0.6078125 0.16796875 0.4953125
1 0.1875 0.421875 0.22109375 0.2140625
0 0.384375 0.43984375 0.22109375 0.2453125
0 0.63359375 0.428125 0.3484375 0.25
0 0.8546875 0.43515625 0.18515625 0.21171875
0 0.75 0.37890625 0.20703125 0.21875
0 0.5453125 0.3703125 0.2015625 0.14453125
0 0.2640625 0.365625 0.1875 0.15390625
0 0.29296875 0.31875 0.10078125 0.12265625
0 0.3796875 0.303125 0.125 0.09609375
0 0.47734375 0.30625 0.11328125 0.146875