1 0.19921875 0.69609375 0.159375 0.284375
0 0.0640625 0.64921875 0.128125 0.3015625
0 0.46015625 0.60078125 0.1625 0.3125
0 0.59140625 0.6265625 0.2 0.2421875
0 0.81484375 0.5921875 0.1609375 0.290625
0 0.93515625 0.5875 0.1296875 0.3234375
0 0.72109375 0.503125 0.1203125 0.178125
0 0.1484375 0.54375 0.1359375 0.1578125
0 0.28125 0.53828125 0.128125 0.165625
0 0.53359375 0.45703125 0.0953125 0.128125
0 0.46484375 0.47265625 0.1015625 0.159375
0 0.25234375 0.4671875 0.096875 0.1046875
0 0.3328125 0.45546875 0.075 0.1015625
1 0.79453125 0.45390625 0.10625 0.121875
0 0.740625 0.440625 0.08125 0.1078125
0 0.659375 0.4515625 0.0890625 0.128125
1 0.6171875 0.425 0.065625 0.1265625
1 0.690625 0.41328125 0.0640625 0.1171875