0 0.21640625 0.64296875 0.1171875 0.2203125
0 0.0734375 0.6453125 0.146875 0.1703125
0 0.6 0.62265625 0.1109375 0.196875
0 0.465625 0.4796875 0.1078125 0.103125
0 0.5390625 0.47890625 0.0546875 0.14375
0 0.6234375 0.45625 0.0375 0.1140625
0 0.7140625 0.5625 0.13125 0.2453125
0 0.6578125 0.48359375 0.040625 0.1046875
0 0.1703125 0.54140625 0.0796875 0.1390625
1 0.85 0.62109375 0.1734375 0.290625
0 0.94453125 0.58359375 0.1109375 0.2734375
0 0.33203125 0.67890625 0.1109375 0.2765625
0 0.7390625 0.58984375 0.0296875 0.046875
0 0.46328125 0.621875 0.115625 0.2265625
0 0.7484375 0.46796875 0.071875 0.0984375
0 0.8078125 0.49140625 0.09375 0.1328125
1 0.69765625 0.4375 0.05 0.0984375
0 0.23515625 0.50390625 0.0421875 0.1015625
0 0.25859375 0.465625 0.0515625 0.103125
0 0.32421875 0.5078125 0.053125 0.103125
0 0.34453125 0.45703125 0.0375 0.090625