0 0.41328125 0.4703125 0.078125 0.1359375
0 0.109375 0.5859375 0.13125 0.2125
0 0.2 0.628125 0.115625 0.228125
0 0.91015625 0.58046875 0.1765625 0.2921875
0 0.7875 0.71796875 0.18125 0.49375
1 0.271875 0.51328125 0.078125 0.1359375
0 0.303125 0.4734375 0.0609375 0.084375
0 0.16328125 0.50390625 0.0640625 0.1015625
1 0.24765625 0.5828125 0.1078125 0.2140625
0 0.21796875 0.471875 0.065625 0.0984375
1 0.534375 0.5859375 0.1515625 0.24375
1 0.48203125 0.4734375 0.0578125 0.146875
1 0.41171875 0.62734375 0.1359375 0.2453125
1 0.58125 0.44453125 0.084375 0.128125
1 0.61796875 0.46171875 0.0671875 0.1109375
1 0.6734375 0.51875 0.128125 0.1703125
1 0.65078125 0.43984375 0.0625 0.1046875
1 0.765625 0.49453125 0.0953125 0.1296875
1 0.6953125 0.434375 0.0546875 0.0875
1 0.03828125 0.6546875 0.0765625 0.2390625