0 0.77265625 0.71171875 0.30078125 0.509375
0 0.44375 0.69921875 0.24296875 0.43046875
0 0.165625 0.6140625 0.290625 0.4234375
0 0.11171875 0.43515625 0.11328125 0.19921875
0 0.2484375 0.45546875 0.103125 0.2015625
0 0.38125 0.4734375 0.13671875 0.2359375
0 0.5421875 0.4859375 0.2046875 0.2546875
0 0.68359375 0.4734375 0.146875 0.2359375
0 0.64765625 0.37734375 0.12734375 0.1734375
0 0.3234375 0.3859375 0.12734375 0.146875
0 0.36796875 0.3578125 0.08203125 0.115625
0 0.45078125 0.4078125 0.0984375 0.1609375
0 0.51953125 0.353125 0.10078125 0.09140625
0 0.44375 0.34375 0.0890625 0.103125
0 0.4953125 0.33046875 0.0671875 0.11796875