1 0.7203125 0.66953125 0.36796875 0.37734375
1 0.30546875 0.58046875 0.396875 0.35546875
0 0.5109375 0.45703125 0.2234375 0.20703125
0 0.72734375 0.46171875 0.259375 0.228125
0 0.91953125 0.45703125 0.1609375 0.23046875
0 0.390625 0.36171875 0.165625 0.13671875
0 0.16328125 0.43515625 0.19921875 0.1703125
0 0.334375 0.43515625 0.1921875 0.15859375
0 0.84375 0.3734375 0.19921875 0.12734375
0 0.54296875 0.3578125 0.12734375 0.1109375
0 0.490625 0.31953125 0.11328125 0.11328125
0 0.603125 0.3171875 0.11796875 0.11328125
1 0.6609375 0.36640625 0.18515625 0.1390625