0 0.73515625 0.78671875 0.5296875 0.4265625
1 0.33203125 0.7515625 0.446875 0.384375
0 0.44921875 0.87890625 0.10546875 0.10546875
0 0.08046875 0.48671875 0.1609375 0.178125
0 0.20078125 0.4890625 0.18984375 0.18046875
0 0.77890625 0.553125 0.25 0.26171875
0 0.5578125 0.5296875 0.2859375 0.240625
1 0.34609375 0.515625 0.209375 0.196875
1 0.3328125 0.42578125 0.18515625 0.1421875
0 0.41015625 0.396875 0.10546875 0.09609375
0 0.60546875 0.390625 0.134375 0.12734375
1 0.484375 0.44921875 0.115625 0.15625
1 0.48203125 0.37734375 0.12265625 0.103125
0 0.7515625 0.43515625 0.18046875 0.16796875