1 0.08984375 0.61953125 0.1171875 0.2328125
1 0.22578125 0.64453125 0.140625 0.215625
0 0.17890625 0.5515625 0.0859375 0.1640625
0 0.30703125 0.56796875 0.078125 0.1453125
0 0.2390625 0.5421875 0.0640625 0.0890625
0 0.28203125 0.4921875 0.0625 0.0984375
1 0.3390625 0.51328125 0.046875 0.1015625
0 0.446875 0.5 0.0953125 0.115625
0 0.53671875 0.5 0.0640625 0.1390625
0 0.46171875 0.6453125 0.121875 0.2375
0 0.59921875 0.68828125 0.165625 0.1859375
1 0.634375 0.4828125 0.0703125 0.09375
0 0.66484375 0.509375 0.0625 0.1125
1 0.709375 0.54375 0.103125 0.1765625
1 0.703125 0.4609375 0.0453125 0.0921875
0 0.81953125 0.66328125 0.1421875 0.2671875
0 0.94140625 0.62890625 0.1171875 0.2296875
1 0.80859375 0.53359375 0.096875 0.1171875