0 0.58203125 0.36640625 0.12734375 0.12265625
0 0.48828125 0.50625 0.1828125 0.24765625
0 0.49375 0.37109375 0.13203125 0.1078125
0 0.359375 0.41328125 0.1703125 0.1390625
0 0.41484375 0.37109375 0.1203125 0.10078125
0 0.81875 0.421875 0.1828125 0.15625
0 0.67578125 0.49296875 0.27421875 0.23046875
0 0.25703125 0.6421875 0.3796875 0.34609375
0 0.3015625 0.4890625 0.2015625 0.16796875
0 0.1390625 0.49375 0.2140625 0.1734375
1 0.61640625 0.75625 0.43984375 0.44453125
0 0.909375 0.50546875 0.18125 0.3015625
1 0.6421875 0.428125 0.16328125 0.21171875