0 0.59296875 0.6546875 0.1609375 0.1359375
0 0.07265625 0.6328125 0.1171875 0.221875
0 0.30078125 0.5375 0.096875 0.1375
0 0.53828125 0.49765625 0.109375 0.0984375
0 0.82578125 0.63203125 0.165625 0.265625
0 0.7 0.52265625 0.1015625 0.1453125
0 0.153125 0.53046875 0.0875 0.128125
1 0.43828125 0.6265625 0.1578125 0.2875
1 0.44609375 0.47578125 0.1203125 0.2015625
1 0.63359375 0.45390625 0.09375 0.1265625
1 0.6953125 0.42265625 0.0953125 0.1
1 0.73984375 0.4453125 0.0640625 0.0921875
1 0.21796875 0.625 0.1453125 0.2671875
0 0.27890625 0.46953125 0.103125 0.0875