0 0.5609375 0.38671875 0.1421875 0.1734375
0 0.17421875 0.42890625 0.12265625 0.20703125
1 0.63828125 0.46484375 0.21875 0.31953125
0 0.42890625 0.4796875 0.165625 0.271875
0 0.84765625 0.678125 0.28125 0.56484375
0 0.29453125 0.72109375 0.29296875 0.45703125
0 0.5734375 0.69453125 0.20703125 0.396875
0 0.23671875 0.35 0.1296875 0.18984375
0 0.51171875 0.34375 0.0671875 0.1703125
1 0.06953125 0.55859375 0.1390625 0.4234375
0 0.0671875 0.39921875 0.1296875 0.18046875
0 0.12109375 0.31640625 0.05546875 0.071875