0 0.13515625 0.5875 0.121875 0.14375
0 0.209375 0.64453125 0.1359375 0.234375
0 0.28359375 0.553125 0.0859375 0.159375
1 0.43046875 0.6203125 0.1484375 0.2375
0 0.5640625 0.65703125 0.125 0.259375
0 0.58203125 0.696875 0.0234375 0.0109375
0 0.93359375 0.5953125 0.1125 0.2015625
0 0.6765625 0.534375 0.1359375 0.2015625
1 0.0640625 0.7046875 0.128125 0.2515625
1 0.8296875 0.6609375 0.1546875 0.2859375
0 0.78203125 0.52109375 0.15 0.15
0 0.21171875 0.50703125 0.0984375 0.1296875
1 0.31328125 0.50859375 0.0671875 0.09375
1 0.43828125 0.49296875 0.071875 0.0953125
0 0.5125 0.478125 0.084375 0.1671875
1 0.5953125 0.45859375 0.0609375 0.1203125
1 0.64375 0.47265625 0.0546875 0.1234375
1 0.6703125 0.43359375 0.0484375 0.078125