1 0.6765625 0.7046875 0.428125 0.4828125
0 0.28359375 0.6 0.41796875 0.3390625
0 0.91953125 0.47265625 0.1609375 0.25703125
0 0.3421875 0.48046875 0.15859375 0.16328125
0 0.1515625 0.459375 0.209375 0.2328125
0 0.50234375 0.48046875 0.2328125 0.2140625
1 0.7359375 0.4703125 0.321875 0.22578125
0 0.396875 0.40390625 0.15859375 0.1421875
0 0.5421875 0.3921875 0.11328125 0.1296875
1 0.6546875 0.39765625 0.1734375 0.15390625
0 0.84375 0.4015625 0.178125 0.1734375
0 0.4265625 0.359375 0.103125 0.09609375
1 0.4984375 0.36796875 0.1078125 0.115625