0 0.06953125 0.69453125 0.1390625 0.21875
0 0.2234375 0.6921875 0.1765625 0.2140625
0 0.15390625 0.584375 0.1046875 0.1328125
0 0.23046875 0.55546875 0.0875 0.1453125
0 0.26328125 0.50546875 0.04375 0.0671875
0 0.309375 0.590625 0.0828125 0.1609375
0 0.3375 0.55078125 0.0515625 0.084375
0 0.33125 0.49140625 0.065625 0.0609375
0 0.44921875 0.6421875 0.0984375 0.2265625
0 0.58046875 0.625 0.1015625 0.1828125
0 0.46328125 0.50859375 0.0625 0.1328125
0 0.5453125 0.509375 0.071875 0.128125
0 0.81953125 0.621875 0.146875 0.2390625
0 0.9390625 0.60859375 0.121875 0.221875
0 0.684375 0.53984375 0.1140625 0.1609375
0 0.8125 0.52109375 0.1203125 0.121875
0 0.6328125 0.47734375 0.06875 0.128125
0 0.69765625 0.46171875 0.053125 0.0828125
0 0.7515625 0.48984375 0.0734375 0.1125