0 0.0796875 0.5671875 0.1421875 0.246875
0 0.22890625 0.60078125 0.1859375 0.2484375
0 0.15625 0.46796875 0.1046875 0.1546875
0 0.24375 0.46875 0.078125 0.1296875
0 0.42421875 0.603125 0.1140625 0.221875
0 0.584375 0.61953125 0.134375 0.1984375
0 0.79765625 0.6265625 0.18125 0.221875
0 0.63515625 0.471875 0.0609375 0.0890625
0 0.6875 0.44453125 0.0609375 0.096875
0 0.7328125 0.478125 0.075 0.096875
0 0.8015625 0.49453125 0.040625 0.0625
0 0.6984375 0.52890625 0.0671875 0.1203125
0 0.63828125 0.5640625 0.0421875 0.0515625
0 0.41875 0.49765625 0.0671875 0.11875
0 0.521875 0.45859375 0.046875 0.1390625
0 0.3265625 0.453125 0.0859375 0.1140625
0 0.92734375 0.6171875 0.1453125 0.1875
0 0.6171875 0.415625 0.0453125 0.0796875