0 0.09921875 0.6421875 0.13125 0.2125
0 0.30859375 0.5703125 0.05625 0.128125
1 0.64296875 0.5015625 0.059375 0.11875
0 0.72109375 0.596875 0.1265625 0.14375
0 0.67109375 0.534375 0.053125 0.1078125
1 0.46171875 0.678125 0.128125 0.2484375
0 0.46328125 0.53046875 0.0984375 0.1234375
1 0.21953125 0.66875 0.15625 0.2578125
0 0.27578125 0.6140625 0.0375 0.0375
1 0.5484375 0.534375 0.075 0.1265625
1 0.859375 0.7609375 0.184375 0.4015625
1 0.7375 0.69921875 0.115625 0.334375
0 0.18125 0.55390625 0.1078125 0.1484375
0 0.28203125 0.49375 0.0671875 0.1
1 0.5921875 0.6703125 0.153125 0.225
1 0.3515625 0.5 0.0671875 0.0875
1 0.71171875 0.496875 0.05625 0.0859375
1 0.753125 0.528125 0.059375 0.1
1 0.8375 0.5515625 0.090625 0.0875