1 0.9203125 0.63203125 0.159375 0.209375
0 0.784375 0.65234375 0.15 0.1984375
1 0.571875 0.65234375 0.159375 0.171875
0 0.421875 0.62109375 0.1671875 0.225
1 0.67578125 0.55 0.09375 0.16875
0 0.7734375 0.5359375 0.10625 0.140625
1 0.63203125 0.50234375 0.0671875 0.090625
1 0.7109375 0.4921875 0.071875 0.103125
0 0.6078125 0.471875 0.08125 0.1171875
1 0.665625 0.46328125 0.0578125 0.0953125
0 0.528125 0.4953125 0.0890625 0.1453125
1 0.45390625 0.490625 0.090625 0.11875
1 0.42265625 0.53359375 0.0734375 0.109375
1 0.2109375 0.60390625 0.134375 0.2234375
1 0.07265625 0.61875 0.1453125 0.1953125
0 0.15234375 0.52734375 0.1109375 0.1546875
0 0.321875 0.496875 0.071875 0.1140625
0 0.26875 0.55703125 0.1078125 0.1046875
1 0.23984375 0.4875 0.0796875 0.109375
1 0.2640625 0.45625 0.0703125 0.1109375
0 0.34609375 0.46875 0.0578125 0.09375