0 0.07109375 0.66953125 0.1421875 0.221875
0 0.5390625 0.65859375 0.115625 0.203125
0 0.93203125 0.590625 0.1359375 0.24375
0 0.803125 0.6171875 0.1296875 0.24375
0 0.584375 0.4796875 0.078125 0.1
0 0.42578125 0.6421875 0.128125 0.25625
0 0.29140625 0.571875 0.05625 0.1359375
1 0.34375 0.51015625 0.08125 0.115625
0 0.32578125 0.534375 0.03125 0.078125
0 0.15 0.5828125 0.10625 0.15
0 0.82578125 0.5234375 0.078125 0.121875
1 0.70390625 0.5453125 0.1078125 0.1765625
1 0.646875 0.49296875 0.0703125 0.11875
1 0.73203125 0.48125 0.0609375 0.1015625
1 0.675 0.4546875 0.06875 0.103125
1 0.45390625 0.50625 0.0875 0.10625
1 0.5296875 0.50703125 0.0796875 0.1125
1 0.21796875 0.55390625 0.09375 0.096875
0 0.2453125 0.50703125 0.0734375 0.0921875
0 0.46953125 0.5625 0.0703125 0.1