0 0.4078125 0.3953125 0.0984375 0.09609375
0 0.45703125 0.41015625 0.10078125 0.11328125
0 0.7140625 0.5375 0.23046875 0.29296875
0 0.62734375 0.4546875 0.11796875 0.1875
1 0.15859375 0.71171875 0.3078125 0.415625
0 0.13828125 0.5 0.178125 0.2140625
0 0.37890625 0.52421875 0.1703125 0.21171875
0 0.75859375 0.75546875 0.3078125 0.4890625
0 0.453125 0.75390625 0.25703125 0.41328125
0 0.540625 0.52734375 0.2046875 0.3078125
0 0.31484375 0.4203125 0.13671875 0.14453125
0 0.24140625 0.52265625 0.16796875 0.19921875