0 0.0828125 0.675 0.165625 0.240625
0 0.2328125 0.64453125 0.234375 0.3125
0 0.165625 0.53203125 0.109375 0.1703125
0 0.33046875 0.55078125 0.11875 0.1671875
1 0.4609375 0.653125 0.1796875 0.303125
0 0.6140625 0.671875 0.178125 0.26875
0 0.85703125 0.64453125 0.1671875 0.28125
1 0.7375 0.5453125 0.1546875 0.2
0 0.25078125 0.48671875 0.065625 0.140625
0 0.815625 0.51640625 0.1 0.125
1 0.34140625 0.49921875 0.0546875 0.096875
1 0.35546875 0.459375 0.0640625 0.140625
1 0.465625 0.49296875 0.0953125 0.1375
1 0.54140625 0.48359375 0.0875 0.1390625
1 0.62421875 0.465625 0.0921875 0.1484375
1 0.709375 0.459375 0.0625 0.1359375
1 0.67265625 0.471875 0.0828125 0.1359375
1 0.76015625 0.471875 0.0578125 0.115625
0 0.9453125 0.60625 0.109375 0.259375