0 0.67578125 0.35078125 0.2140625 0.14453125
0 0.75 0.63671875 0.45703125 0.603125
1 0.2546875 0.68984375 0.509375 0.571875
0 0.18046875 0.41328125 0.25 0.2140625
1 0.44921875 0.43125 0.39453125 0.25703125
0 0.58671875 0.34375 0.1609375 0.19921875
0 0.109375 0.31953125 0.15625 0.1734375
0 0.17890625 0.2828125 0.12265625 0.12734375
0 0.26328125 0.28125 0.1078125 0.15390625
1 0.3015625 0.32578125 0.11796875 0.13203125
0 0.41328125 0.2953125 0.1734375 0.14453125
0 0.36640625 0.2828125 0.0984375 0.1515625