0 0.58515625 0.66484375 0.16875 0.246875
1 0.4484375 0.6578125 0.1578125 0.246875
1 0.459375 0.53125 0.10625 0.1171875
1 0.53671875 0.515625 0.075 0.128125
0 0.4421875 0.55859375 0.0765625 0.1203125
1 0.0734375 0.7265625 0.1421875 0.2375
1 0.23515625 0.703125 0.15625 0.2046875
0 0.16015625 0.609375 0.09375 0.15
1 0.2984375 0.60546875 0.0890625 0.171875
1 0.225 0.56953125 0.1015625 0.1109375
0 0.271875 0.521875 0.06875 0.0984375
1 0.3421875 0.51484375 0.0796875 0.08125
1 0.32265625 0.54296875 0.05 0.0890625
1 0.8375 0.62890625 0.1484375 0.240625
1 0.93515625 0.58203125 0.1296875 0.228125
1 0.72109375 0.55 0.0953125 0.178125
1 0.796875 0.5125 0.0921875 0.11875
1 0.61953125 0.46796875 0.0578125 0.0984375
1 0.690625 0.45078125 0.0515625 0.0703125
1 0.74453125 0.47421875 0.05625 0.0890625
0 0.6546875 0.49140625 0.084375 0.10625