0 0.3484375 0.3796875 0.07421875 0.13203125
0 0.39453125 0.3609375 0.07421875 0.1390625
0 0.3140625 0.41953125 0.0984375 0.14453125
0 0.64765625 0.421875 0.103125 0.15859375
0 0.41328125 0.4125 0.10546875 0.103125
0 0.72734375 0.4890625 0.16328125 0.21640625
0 0.40859375 0.52421875 0.14921875 0.22109375
0 0.225 0.65859375 0.2953125 0.4515625
0 0.2515625 0.475 0.1109375 0.15859375
0 0.8328125 0.71484375 0.28125 0.5
0 0.53359375 0.7390625 0.3125 0.46875
0 0.11875 0.4828125 0.10546875 0.196875
0 0.4828125 0.3890625 0.08203125 0.1703125
1 0.571875 0.51328125 0.19453125 0.228125
1 0.51328125 0.42421875 0.115625 0.15390625