0 0.3578125 0.50390625 0.19453125 0.21640625
0 0.43046875 0.40234375 0.1109375 0.12265625
0 0.2984375 0.4078125 0.115625 0.16328125
0 0.10703125 0.50859375 0.16328125 0.21875
0 0.24296875 0.49609375 0.17578125 0.1921875
0 0.4546875 0.75234375 0.24296875 0.446875
1 0.17421875 0.7203125 0.290625 0.43046875
1 0.7796875 0.73203125 0.27890625 0.5359375
1 0.69609375 0.46484375 0.1734375 0.2359375
1 0.52734375 0.49296875 0.178125 0.26171875
0 0.4109375 0.3265625 0.09609375 0.15859375
0 0.48203125 0.31640625 0.0890625 0.11328125