0 0.0671875 0.5140625 0.134375 0.1828125
0 0.19375 0.51953125 0.18984375 0.21640625
0 0.35703125 0.55390625 0.2234375 0.19453125
1 0.334375 0.79296875 0.321875 0.35546875
0 0.7453125 0.79453125 0.48046875 0.4109375
0 0.55625 0.55546875 0.25234375 0.23046875
0 0.8421875 0.61171875 0.31484375 0.19453125
0 0.7859375 0.47734375 0.21640625 0.23828125
0 0.32421875 0.44453125 0.16796875 0.1109375
0 0.39765625 0.421875 0.12734375 0.12265625
1 0.484375 0.45546875 0.146875 0.1609375
0 0.47578125 0.39296875 0.1203125 0.11796875
0 0.5890625 0.39765625 0.1109375 0.09375