0 0.0953125 0.69375 0.1359375 0.203125
0 0.23046875 0.67578125 0.1484375 0.1890625
0 0.1609375 0.5953125 0.0921875 0.1359375
0 0.23125 0.565625 0.078125 0.1296875
0 0.265625 0.5203125 0.0703125 0.1171875
0 0.31015625 0.60078125 0.0921875 0.165625
1 0.33359375 0.55 0.0640625 0.1125
1 0.34921875 0.515625 0.05625 0.09375
0 0.44140625 0.6375 0.121875 0.23125
0 0.5765625 0.6546875 0.13125 0.2125
0 0.4796875 0.53515625 0.09375 0.1109375
0 0.5375 0.515625 0.08125 0.16875
0 0.82578125 0.61875 0.146875 0.2265625
0 0.65625 0.49921875 0.0984375 0.0984375
0 0.625 0.47421875 0.0640625 0.1234375
0 0.83515625 0.52578125 0.096875 0.1359375
1 0.940625 0.5875 0.11875 0.23125
1 0.72421875 0.54140625 0.1109375 0.16875
1 0.7453125 0.48359375 0.075 0.121875
1 0.69453125 0.46640625 0.065625 0.1109375