0 0.7484375 0.7859375 0.44921875 0.31484375
0 0.2609375 0.7515625 0.47578125 0.3484375
0 0.0765625 0.56484375 0.1421875 0.22578125
0 0.29296875 0.56875 0.2046875 0.2640625
0 0.484375 0.5765625 0.321875 0.29296875
0 0.6875 0.55078125 0.28359375 0.240625
0 0.88359375 0.49609375 0.196875 0.22578125
0 0.8078125 0.4578125 0.16796875 0.14921875
0 0.5890625 0.4546875 0.15390625 0.1703125
0 0.5015625 0.4484375 0.1203125 0.13203125
0 0.3296875 0.46875 0.1609375 0.165625
0 0.39765625 0.4265625 0.11796875 0.1078125
0 0.52734375 0.39296875 0.0890625 0.125