0 0.57109375 0.6671875 0.33671875 0.5140625
0 0.30859375 0.49140625 0.2140625 0.2953125
0 0.728125 0.48671875 0.21640625 0.28828125
0 0.0796875 0.45078125 0.15859375 0.3578125
0 0.28515625 0.38359375 0.1703125 0.20703125
0 0.38203125 0.334375 0.11328125 0.14921875
0 0.55078125 0.390625 0.1421875 0.1875
1 0.64921875 0.4078125 0.13203125 0.16796875
0 0.68046875 0.33515625 0.12734375 0.13671875
0 0.59375 0.34765625 0.1078125 0.15390625
0 0.490625 0.334375 0.13203125 0.14453125
0 0.4390625 0.39765625 0.115625 0.15625