0 0.93359375 0.60234375 0.1328125 0.2296875
0 0.8234375 0.65625 0.2109375 0.3609375
0 0.5875 0.67578125 0.165625 0.2734375
1 0.4546875 0.671875 0.1671875 0.2765625
0 0.22265625 0.6984375 0.165625 0.2453125
0 0.09765625 0.7390625 0.1953125 0.2171875
0 0.15390625 0.6140625 0.10625 0.1609375
0 0.22734375 0.56640625 0.0734375 0.1015625
0 0.2421875 0.51953125 0.04375 0.071875
0 0.28671875 0.5984375 0.1 0.1453125
1 0.3265625 0.5515625 0.06875 0.1296875
1 0.346875 0.5234375 0.071875 0.0875
1 0.45859375 0.51484375 0.090625 0.1296875
0 0.53046875 0.49921875 0.08125 0.1140625
0 0.6203125 0.478125 0.0859375 0.14375
0 0.65625 0.4953125 0.0640625 0.1296875
1 0.7140625 0.55 0.10625 0.203125
0 0.6921875 0.45859375 0.0640625 0.10625
0 0.7453125 0.48671875 0.0828125 0.125
1 0.81171875 0.5125 0.1265625 0.1515625