0 0.54453125 0.6625 0.321875 0.490625
0 0.290625 0.49140625 0.17578125 0.2671875
0 0.05546875 0.4796875 0.1109375 0.39921875
0 0.7078125 0.48046875 0.2359375 0.23828125
0 0.51328125 0.4078125 0.13671875 0.1734375
0 0.428125 0.41953125 0.09609375 0.14453125
0 0.2859375 0.365625 0.1390625 0.134375
0 0.6203125 0.415625 0.0796875 0.16796875
0 0.5671875 0.34140625 0.07421875 0.12265625
0 0.640625 0.3328125 0.09375 0.1203125
0 0.390625 0.33984375 0.06953125 0.12265625
0 0.4671875 0.3375 0.071875 0.1421875