0 0.94609375 0.5703125 0.1078125 0.2390625
0 0.83984375 0.59765625 0.1796875 0.2375
0 0.58671875 0.63515625 0.1609375 0.2109375
0 0.45234375 0.63515625 0.134375 0.25
0 0.7109375 0.53984375 0.1328125 0.2125
0 0.82578125 0.5 0.13125 0.1453125
1 0.74375 0.4609375 0.0875 0.121875
1 0.6578125 0.46953125 0.0671875 0.1140625
1 0.61875 0.44140625 0.06875 0.1296875
1 0.6875 0.4203125 0.0671875 0.1
0 0.45625 0.4953125 0.11875 0.1546875
0 0.53671875 0.48671875 0.084375 0.1640625
1 0.07421875 0.6828125 0.1421875 0.1875
0 0.2375 0.6296875 0.1453125 0.23125
0 0.15 0.56328125 0.0921875 0.1453125
0 0.30625 0.56875 0.096875 0.1640625
0 0.24140625 0.521875 0.078125 0.1171875
1 0.28203125 0.4953125 0.0765625 0.1078125
1 0.32890625 0.5109375 0.071875 0.115625
1 0.34609375 0.475 0.0640625 0.1140625