0 0.2703125 0.33671875 0.12734375 0.1203125
0 0.3078125 0.2859375 0.0796875 0.0796875
1 0.5375 0.34140625 0.12734375 0.10546875
0 0.4984375 0.2859375 0.084375 0.0625
0 0.38125 0.41484375 0.19453125 0.2015625
0 0.43125 0.3171875 0.0671875 0.06015625
0 0.7078125 0.36640625 0.13203125 0.13203125
0 0.81875 0.4 0.19921875 0.15390625
0 0.5734375 0.41328125 0.2015625 0.20703125
0 0.0578125 0.396875 0.115625 0.1609375
0 0.19609375 0.40625 0.178125 0.15390625
0 0.859375 0.640625 0.2765625 0.3921875
1 0.515625 0.64921875 0.36328125 0.38203125
0 0.1546875 0.57890625 0.309375 0.2984375
0 0.38671875 0.2921875 0.1109375 0.10078125