0 0.45625 0.46328125 0.115625 0.15
0 0.44453125 0.5875 0.1375 0.2546875
0 0.6015625 0.60859375 0.15625 0.2578125
0 0.53046875 0.4609375 0.090625 0.159375
0 0.61640625 0.4203125 0.1171875 0.121875
0 0.65078125 0.4484375 0.05 0.1046875
0 0.25 0.453125 0.0921875 0.125
0 0.14609375 0.5328125 0.1 0.178125
0 0.92734375 0.55390625 0.1453125 0.2328125
1 0.07421875 0.63359375 0.1484375 0.2296875
1 0.20234375 0.634375 0.1609375 0.278125
1 0.71015625 0.49609375 0.1359375 0.203125
0 0.2953125 0.5375 0.1 0.1734375
1 0.8109375 0.6015625 0.1640625 0.265625
0 0.81875 0.4984375 0.10625 0.1890625
0 0.67890625 0.39453125 0.0546875 0.075
0 0.71953125 0.42265625 0.0625 0.0796875