0 0.065625 0.66953125 0.1234375 0.2234375
1 0.19140625 0.6890625 0.140625 0.2484375
0 0.1234375 0.59609375 0.0859375 0.1484375
1 0.1859375 0.55546875 0.0875 0.1046875
1 0.26171875 0.5984375 0.0921875 0.146875
1 0.23203125 0.51015625 0.0578125 0.090625
1 0.29453125 0.54296875 0.078125 0.0890625
1 0.30859375 0.5046875 0.0796875 0.0921875
0 0.40078125 0.6515625 0.134375 0.2515625
0 0.521875 0.665625 0.1609375 0.2125
0 0.41484375 0.50625 0.0953125 0.1078125
0 0.509375 0.51484375 0.071875 0.134375
0 0.584375 0.478125 0.053125 0.1234375
1 0.78828125 0.6390625 0.159375 0.2140625
0 0.9046875 0.5890625 0.13125 0.20625
1 0.79296875 0.53515625 0.0953125 0.13125
1 0.690625 0.546875 0.10625 0.1640625
1 0.7171875 0.490625 0.0625 0.10625
1 0.634375 0.50390625 0.071875 0.1046875
1 0.6578125 0.47265625 0.059375 0.103125