0 0.84921875 0.60234375 0.1890625 0.275
1 0.9484375 0.56328125 0.103125 0.234375
0 0.71875 0.521875 0.1 0.1890625
1 0.82578125 0.5078125 0.1125 0.1609375
1 0.6734375 0.4875 0.071875 0.1328125
1 0.74921875 0.46328125 0.0640625 0.115625
0 0.63203125 0.46796875 0.065625 0.1390625
1 0.7 0.4375 0.0484375 0.0875
0 0.4625 0.51484375 0.1078125 0.125
1 0.5375 0.5046875 0.0875 0.140625
1 0.47421875 0.6578125 0.115625 0.2546875
0 0.61171875 0.64453125 0.1703125 0.2484375
0 0.103125 0.71796875 0.13125 0.2625
1 0.23984375 0.6921875 0.1671875 0.246875
0 0.1765625 0.6125 0.09375 0.1546875
0 0.3 0.60703125 0.1375 0.1359375
0 0.2484375 0.56796875 0.0734375 0.0984375
0 0.2796875 0.5078125 0.0703125 0.08125
1 0.3421875 0.55703125 0.06875 0.1125
0 0.35390625 0.51015625 0.071875 0.0984375