0 0.5921875 0.57578125 0.2421875 0.4109375
1 0.7296875 0.46640625 0.1875 0.2953125
0 0.09296875 0.45703125 0.1375 0.234375
0 0.1875 0.45859375 0.1203125 0.275
0 0.09921875 0.76796875 0.1984375 0.4640625
0 0.33984375 0.48125 0.159375 0.30625
1 0.45625 0.46484375 0.1140625 0.25
0 0.37265625 0.3578125 0.0609375 0.1265625
0 0.4515625 0.3375 0.0609375 0.078125
0 0.5328125 0.38046875 0.1109375 0.175
0 0.59296875 0.33203125 0.0625 0.0828125
0 0.65 0.32578125 0.05625 0.075
0 0.77421875 0.375 0.075 0.146875
0 0.78984375 0.34375 0.0703125 0.1359375
0 0.81171875 0.31640625 0.0546875 0.1125
1 0.8828125 0.425 0.171875 0.271875
0 0.96015625 0.36953125 0.0796875 0.1953125
0 0.51171875 0.3265625 0.0484375 0.0875