1 0.32890625 0.68046875 0.3859375 0.5265625
0 0.18984375 0.55234375 0.21875 0.4125
0 0.0671875 0.3984375 0.134375 0.2921875
0 0.22890625 0.38359375 0.1234375 0.21875
0 0.35859375 0.34375 0.1 0.2046875
1 0.4265625 0.33671875 0.0890625 0.1734375
0 0.49921875 0.4015625 0.11875 0.240625
0 0.59609375 0.378125 0.09375 0.19375
0 0.67109375 0.47578125 0.1671875 0.2765625
0 0.77890625 0.4375 0.178125 0.1875
1 0.8703125 0.5421875 0.2046875 0.3609375
0 0.6828125 0.32734375 0.0671875 0.1
0 0.74140625 0.34375 0.0671875 0.1296875
0 0.809375 0.3328125 0.0734375 0.115625
0 0.878125 0.36484375 0.0828125 0.1578125