1 0.32734375 0.7109375 0.30625 0.515625
0 0.1640625 0.56796875 0.209375 0.353125
0 0.0453125 0.40078125 0.0828125 0.26875
1 0.23125 0.4078125 0.0921875 0.196875
0 0.146875 0.39765625 0.090625 0.09375
0 0.35546875 0.35859375 0.0953125 0.140625
0 0.44296875 0.36796875 0.075 0.1625
0 0.51484375 0.4203125 0.1453125 0.20625
0 0.575 0.39140625 0.096875 0.1671875
0 0.6203125 0.3515625 0.065625 0.1328125
0 0.68125 0.346875 0.0484375 0.096875
0 0.73359375 0.3796875 0.0578125 0.153125
0 0.803125 0.365625 0.0640625 0.115625
1 0.6671875 0.496875 0.1828125 0.234375
1 0.7859375 0.4609375 0.15625 0.18125
0 0.89453125 0.58515625 0.2109375 0.4140625
1 0.8734375 0.3828125 0.096875 0.1484375
0 0.9359375 0.39609375 0.09375 0.15
0 0.34609375 0.44296875 0.0703125 0.14375
1 0.62578125 0.73359375 0.2921875 0.3859375