0 0.340625 0.27421875 0.2140625 0.2984375
1 0.16015625 0.29765625 0.2109375 0.3015625
1 0.21171875 0.521875 0.3265625 0.415625
0 0.11015625 0.22578125 0.0765625 0.1515625
1 0.04921875 0.27734375 0.0984375 0.11875
0 0.02734375 0.24296875 0.0546875 0.14375
1 0.4265625 0.23515625 0.1421875 0.1625
0 0.36328125 0.17109375 0.08125 0.1421875
1 0.615625 0.165625 0.121875 0.1765625
1 0.875 0.4796875 0.25 0.590625
0 0.73984375 0.3171875 0.2109375 0.328125
0 0.7 0.19609375 0.1359375 0.1671875
1 0.82109375 0.23828125 0.103125 0.125