0 0.37578125 0.36015625 0.159375 0.2984375
0 0.16328125 0.37734375 0.171875 0.2484375
1 0.171875 0.63046875 0.3390625 0.4359375
0 0.0515625 0.28359375 0.059375 0.146875
1 0.07734375 0.34609375 0.1234375 0.159375
0 0.12578125 0.290625 0.10625 0.159375
1 0.38671875 0.23203125 0.0921875 0.1640625
1 0.4640625 0.29453125 0.1390625 0.1734375
1 0.628125 0.2375 0.115625 0.225
0 0.7015625 0.26328125 0.090625 0.1625
0 0.85390625 0.31640625 0.115625 0.1578125
0 0.75 0.1875 0.1078125 0.1703125
0 0.7515625 0.39453125 0.1953125 0.325
1 0.88515625 0.56640625 0.2296875 0.603125
0 0.96484375 0.21796875 0.0703125 0.140625