0 0.734375 0.471875 0.209375 0.4078125
0 0.92890625 0.45390625 0.1421875 0.4359375
0 0.315625 0.50078125 0.1859375 0.359375
1 0.13203125 0.49140625 0.1734375 0.3125
1 0.253125 0.3796875 0.1046875 0.1734375
1 0.3859375 0.4171875 0.1203125 0.2765625
1 0.3390625 0.33359375 0.134375 0.1359375
0 0.4453125 0.33515625 0.078125 0.165625
0 0.4796875 0.31015625 0.0984375 0.1609375
0 0.39140625 0.284375 0.1046875 0.13125
0 0.11171875 0.35703125 0.09375 0.15625
0 0.18828125 0.31796875 0.0921875 0.1578125
0 0.61484375 0.28984375 0.078125 0.1296875
1 0.71875 0.28359375 0.053125 0.103125