0 0.69921875 0.321875 0.225 0.3421875
0 0.303125 0.33359375 0.2265625 0.334375
1 0.1265625 0.3484375 0.1953125 0.371875
1 0.14921875 0.60703125 0.2984375 0.5453125
0 0.85546875 0.5640625 0.2875 0.56875
1 0.403125 0.24375 0.1140625 0.15625
0 0.34140625 0.19609375 0.0671875 0.20625
0 0.07734375 0.22109375 0.1171875 0.1859375
1 0.03515625 0.30078125 0.0703125 0.1875
0 0.5953125 0.1703125 0.1078125 0.1765625
0 0.65234375 0.2109375 0.1671875 0.2453125
0 0.7890625 0.25078125 0.11875 0.1890625
1 0.940625 0.2390625 0.0796875 0.1515625
1 0.96953125 0.165625 0.053125 0.1453125