0 0.340625 0.68046875 0.346875 0.5578125
0 0.17421875 0.5359375 0.265625 0.325
0 0.05625 0.39140625 0.1125 0.2671875
1 0.23203125 0.38984375 0.1 0.203125
0 0.37109375 0.33984375 0.0984375 0.1734375
0 0.440625 0.33359375 0.0859375 0.1609375
0 0.5046875 0.403125 0.0984375 0.196875
0 0.58203125 0.3875 0.1203125 0.209375
0 0.621875 0.33359375 0.0796875 0.1421875
0 0.68359375 0.3171875 0.05625 0.121875
0 0.7296875 0.3515625 0.0828125 0.1390625
0 0.81171875 0.3359375 0.090625 0.1125
1 0.778125 0.4484375 0.1359375 0.16875
1 0.66875 0.45234375 0.1890625 0.2015625
1 0.90546875 0.56171875 0.16875 0.3765625
1 0.88046875 0.3578125 0.0671875 0.121875
0 0.9421875 0.36640625 0.09375 0.165625
0 0.15625 0.37578125 0.0859375 0.08125
1 0.6109375 0.6890625 0.325 0.428125