1 0.13125 0.32578125 0.2109375 0.3578125
1 0.31171875 0.32109375 0.2 0.3578125
1 0.7234375 0.38359375 0.1828125 0.2453125
1 0.89921875 0.39375 0.1734375 0.3234375
1 0.61875 0.31640625 0.15 0.2171875
1 0.6984375 0.2421875 0.0765625 0.15625
1 0.80078125 0.25234375 0.0625 0.1015625
1 0.840625 0.23984375 0.053125 0.1203125
1 0.9015625 0.24296875 0.08125 0.1203125
1 0.075 0.23828125 0.09375 0.1234375
0 0.21484375 0.23359375 0.115625 0.1453125
0 0.39765625 0.2265625 0.0921875 0.15625
0 0.4296875 0.20546875 0.0890625 0.1234375
0 0.5515625 0.2078125 0.103125 0.175