0 0.2375 0.49296875 0.2078125 0.334375
1 0.1046875 0.41640625 0.15625 0.2390625
1 0.21640625 0.33359375 0.125 0.1671875
1 0.27421875 0.3015625 0.0890625 0.1609375
1 0.36015625 0.37578125 0.1234375 0.2171875
1 0.46328125 0.36953125 0.13125 0.19375
1 0.4171875 0.3 0.103125 0.1765625
1 0.471875 0.265625 0.0953125 0.1390625
0 0.84921875 0.434375 0.203125 0.2875
0 0.71171875 0.2765625 0.0671875 0.146875
0 0.77421875 0.28359375 0.0765625 0.1421875
0 0.81328125 0.24765625 0.05625 0.1296875
0 0.85703125 0.27265625 0.084375 0.125
0 0.953125 0.34609375 0.09375 0.2453125