1 0.44375 0.6890625 0.334375 0.5078125
1 0.15078125 0.70390625 0.3015625 0.5921875
0 0.0890625 0.54609375 0.178125 0.4203125
0 0.3265625 0.53203125 0.1875 0.3359375
1 0.06796875 0.46484375 0.1359375 0.1578125
1 0.13046875 0.43671875 0.15 0.2359375
1 0.259375 0.43515625 0.1296875 0.240625
1 0.23359375 0.371875 0.1015625 0.175
1 0.48203125 0.41953125 0.1046875 0.225
1 0.56953125 0.396875 0.1203125 0.2484375
1 0.68671875 0.4875 0.1984375 0.3484375
1 0.83984375 0.44765625 0.1828125 0.3140625
1 0.91171875 0.3953125 0.1140625 0.209375
1 0.83359375 0.31875 0.084375 0.121875
1 0.88125 0.315625 0.084375 0.115625