1 0.66640625 0.53515625 0.1390625 0.3328125
1 0.546875 0.5328125 0.1046875 0.2296875
1 0.771875 0.49296875 0.109375 0.2140625
1 0.8234375 0.4515625 0.0703125 0.209375
1 0.86328125 0.41328125 0.0890625 0.1734375
1 0.72421875 0.41015625 0.0625 0.1609375
0 0.7703125 0.365625 0.0765625 0.1171875
1 0.14765625 0.46796875 0.1046875 0.15625
1 0.23359375 0.42578125 0.0703125 0.1328125
1 0.390625 0.4578125 0.0875 0.1625
0 0.4609375 0.44453125 0.096875 0.18125
1 0.52265625 0.42421875 0.09375 0.125
1 0.59375 0.403125 0.0828125 0.1296875