0 0.62890625 0.5796875 0.26875 0.4765625
0 0.13671875 0.70390625 0.265625 0.5921875
1 0.7984375 0.49140625 0.2390625 0.3828125
0 0.83828125 0.315625 0.0578125 0.146875
1 0.37109375 0.45078125 0.1890625 0.309375
1 0.48828125 0.42265625 0.1359375 0.2734375
1 0.134375 0.42421875 0.1296875 0.2515625
1 0.215625 0.3765625 0.1265625 0.2453125
0 0.03671875 0.278125 0.0734375 0.0515625
0 0.55078125 0.353125 0.096875 0.1765625
1 0.6078125 0.3125 0.0609375 0.1125
0 0.6703125 0.321875 0.0546875 0.1203125
0 0.521875 0.2984375 0.0578125 0.0859375
1 0.91484375 0.428125 0.165625 0.2890625