0 0.68125 0.62890625 0.359375 0.5609375
0 0.92109375 0.37421875 0.1171875 0.2453125
0 0.9625 0.303125 0.075 0.1484375
0 0.84765625 0.309375 0.1203125 0.171875
0 0.578125 0.384375 0.1171875 0.2484375
1 0.6984375 0.3703125 0.1234375 0.196875
1 0.53515625 0.33828125 0.103125 0.15625
1 0.621875 0.2921875 0.078125 0.109375
1 0.109375 0.61953125 0.21875 0.5671875
1 0.2546875 0.4796875 0.1734375 0.334375
1 0.3453125 0.403125 0.121875 0.1921875
1 0.0578125 0.4234375 0.1125 0.1640625
1 0.26484375 0.34140625 0.103125 0.18125
1 0.35859375 0.31171875 0.0828125 0.1484375