1 0.78359375 0.665625 0.2640625 0.4015625
1 0.68671875 0.4859375 0.1578125 0.209375
1 0.66171875 0.425 0.103125 0.1234375
1 0.6375 0.3828125 0.0859375 0.0984375
1 0.56328125 0.321875 0.0421875 0.059375
0 0.7046875 0.3578125 0.0546875 0.0578125
0 0.6859375 0.33984375 0.046875 0.0765625
1 0.7546875 0.3875 0.06875 0.0921875
1 0.73046875 0.36953125 0.0484375 0.06875
1 0.78671875 0.34453125 0.0671875 0.0734375
1 0.82265625 0.38046875 0.0984375 0.0515625
1 0.87578125 0.42890625 0.1078125 0.1765625
1 0.85625 0.378125 0.0515625 0.078125
1 0.82734375 0.3546875 0.046875 0.0703125
1 0.9484375 0.453125 0.103125 0.225
1 0.41171875 0.609375 0.2140625 0.475
0 0.45078125 0.45 0.10625 0.196875
0 0.471875 0.36953125 0.04375 0.0890625
1 0.4421875 0.328125 0.0421875 0.05625
1 0.34375 0.36484375 0.075 0.0921875
1 0.37578125 0.33671875 0.0421875 0.0828125
0 0.07265625 0.53046875 0.1453125 0.3203125
1 0.23828125 0.40078125 0.109375 0.1703125
1 0.15859375 0.47890625 0.1109375 0.2046875
1 0.10390625 0.36171875 0.0921875 0.115625
1 0.140625 0.3375 0.065625 0.0953125