1 0.890625 0.7515625 0.215625 0.3640625
1 0.80546875 0.61484375 0.121875 0.203125
1 0.7625 0.540625 0.0921875 0.1515625
0 0.74609375 0.49609375 0.0625 0.1015625
0 0.7234375 0.4671875 0.0390625 0.0625
0 0.7296875 0.4796875 0.0390625 0.0625
1 0.6859375 0.43671875 0.034375 0.0546875
1 0.6984375 0.45 0.028125 0.0546875
1 0.82109375 0.44453125 0.0484375 0.0765625
1 0.96640625 0.5078125 0.0671875 0.121875
1 0.9203125 0.4828125 0.059375 0.1015625
0 0.86640625 0.4671875 0.071875 0.0859375
0 0.8390625 0.45390625 0.0484375 0.0671875
1 0.9609375 0.4359375 0.065625 0.06875
1 0.4734375 0.65546875 0.1703125 0.29375
1 0.53671875 0.57109375 0.084375 0.1890625
0 0.56875 0.5203125 0.0671875 0.1375
1 0.5828125 0.48984375 0.0578125 0.0953125
1 0.60078125 0.4546875 0.0453125 0.071875
0 0.2609375 0.63046875 0.121875 0.2234375
1 0.32265625 0.5890625 0.08125 0.1546875
1 0.384375 0.54921875 0.08125 0.1390625
0 0.4234375 0.525 0.06875 0.1328125
1 0.4484375 0.4953125 0.040625 0.0796875
1 0.4703125 0.496875 0.0359375 0.0859375
1 0.4828125 0.47109375 0.040625 0.0625
1 0.50390625 0.46015625 0.0265625 0.08125
0 0.52578125 0.4359375 0.059375 0.1328125
0 0.2234375 0.5296875 0.053125 0.08125
1 0.1796875 0.57734375 0.10625 0.1640625
0 0.21875 0.52265625 0.0046875 0.0046875
0 0.3171875 0.5171875 0.05625 0.0921875
1 0.25625 0.509375 0.0453125 0.071875
1 0.3265625 0.48515625 0.0265625 0.059375
1 0.34453125 0.46953125 0.028125 0.0390625
1 0.38515625 0.46015625 0.0375 0.0484375
0 0.396875 0.471875 0.0234375 0.0484375
1 0.4375 0.45234375 0.025 0.034375