1 0.85078125 0.8109375 0.2984375 0.378125
1 0.3359375 0.7453125 0.240625 0.509375
0 0.08125 0.634375 0.1625 0.3625
1 0.19375 0.5140625 0.1140625 0.1734375
1 0.41953125 0.5515625 0.140625 0.309375
1 0.7703125 0.56640625 0.1515625 0.2234375
1 0.75 0.48125 0.1046875 0.1828125
1 0.909375 0.41640625 0.103125 0.1390625
0 0.7015625 0.390625 0.059375 0.0890625
1 0.52265625 0.4203125 0.0640625 0.109375
1 0.54453125 0.3859375 0.0515625 0.1
1 0.56953125 0.35546875 0.0515625 0.0875
1 0.28359375 0.434375 0.065625 0.125
0 0.3421875 0.40546875 0.065625 0.109375
1 0.43828125 0.35546875 0.0578125 0.0984375
1 0.46640625 0.3359375 0.06875 0.0875
1 0.66875 0.32109375 0.0625 0.075
1 0.81953125 0.340625 0.0734375 0.090625
1 0.84921875 0.36171875 0.0609375 0.090625
1 0.9640625 0.34296875 0.071875 0.0734375
1 0.109375 0.38203125 0.0421875 0.078125
1 0.14140625 0.3953125 0.0578125 0.0734375
1 0.20703125 0.390625 0.059375 0.0828125