1 0.79375 0.73828125 0.203125 0.34375
1 0.5015625 0.69453125 0.225 0.4484375
1 0.95078125 0.7296875 0.0984375 0.3078125
1 0.86484375 0.57578125 0.134375 0.1875
1 0.68125 0.565625 0.1203125 0.13125
1 0.76953125 0.53359375 0.0984375 0.1125
1 0.1375 0.53828125 0.134375 0.2203125
1 0.0796875 0.67890625 0.159375 0.50625
1 0.09921875 0.396875 0.06875 0.096875
1 0.03984375 0.409375 0.0796875 0.125
1 0.20390625 0.46953125 0.1046875 0.21875
1 0.14375 0.39453125 0.065625 0.0859375
0 0.46640625 0.525 0.0890625 0.159375
1 0.64296875 0.5234375 0.0859375 0.1125
1 0.59375 0.503125 0.078125 0.1265625
0 0.2921875 0.40234375 0.040625 0.071875
0 0.371875 0.4140625 0.0328125 0.059375
0 0.53515625 0.44453125 0.0421875 0.071875
0 0.703125 0.4796875 0.0390625 0.0625