1 0.55546875 0.78671875 0.359375 0.425
1 0.1203125 0.6375 0.240625 0.3140625
1 0.33671875 0.60078125 0.2203125 0.20625
1 0.13515625 0.50703125 0.1484375 0.1984375
1 0.07734375 0.4921875 0.0875 0.1234375
1 0.203125 0.44921875 0.0828125 0.1140625
1 0.28671875 0.4859375 0.078125 0.1015625
1 0.36796875 0.45 0.065625 0.0984375
1 0.409375 0.5109375 0.0890625 0.0984375
1 0.46953125 0.4765625 0.0796875 0.103125
1 0.5609375 0.5453125 0.1203125 0.1890625
1 0.65234375 0.5203125 0.1046875 0.128125
1 0.81953125 0.5671875 0.15 0.18125
1 0.90546875 0.5359375 0.1015625 0.146875
1 0.72421875 0.48203125 0.115625 0.125