0 0.6640625 0.74765625 0.4453125 0.4
0 0.6046875 0.534375 0.2046875 0.1921875
0 0.684375 0.49375 0.1375 0.1625
0 0.8015625 0.47265625 0.128125 0.146875
0 0.8984375 0.5671875 0.203125 0.2109375
0 0.359375 0.6015625 0.1953125 0.234375
0 0.08828125 0.62734375 0.1765625 0.3328125
0 0.109375 0.46328125 0.134375 0.1703125
0 0.1890625 0.53125 0.1015625 0.1640625
0 0.24609375 0.43671875 0.125 0.1203125
0 0.30625 0.48515625 0.128125 0.1515625
0 0.43046875 0.4890625 0.0921875 0.125
0 0.40859375 0.421875 0.11875 0.1359375
0 0.53203125 0.4578125 0.1125 0.128125