1 0.121875 0.45625 0.121875 0.1375
1 0.1625 0.5171875 0.1609375 0.2234375
1 0.26015625 0.63359375 0.25 0.325
1 0.2828125 0.465625 0.1203125 0.1265625
1 0.3734375 0.528125 0.1375 0.1703125
1 0.52265625 0.5953125 0.1640625 0.25
1 0.86328125 0.76796875 0.2734375 0.4640625
1 0.76328125 0.54140625 0.190625 0.1984375
1 0.8640625 0.50078125 0.1390625 0.1671875
0 0.7125 0.47734375 0.1140625 0.121875
1 0.55546875 0.43828125 0.10625 0.1453125
1 0.48828125 0.446875 0.1140625 0.11875
1 0.428125 0.446875 0.1171875 0.115625