1 0.059375 0.38671875 0.11875 0.2453125
0 0.240625 0.4125 0.1515625 0.2078125
1 0.16640625 0.31171875 0.08125 0.125
1 0.19765625 0.26328125 0.0765625 0.109375
1 0.2296875 0.2765625 0.0765625 0.1015625
1 0.3453125 0.32578125 0.084375 0.1265625
1 0.35078125 0.24453125 0.0640625 0.1234375
1 0.3875 0.2765625 0.065625 0.13125
1 0.690625 0.35703125 0.18125 0.19375
1 0.60078125 0.25546875 0.0484375 0.1109375
1 0.628125 0.21953125 0.0515625 0.0828125
1 0.7203125 0.25703125 0.0578125 0.1
1 0.78671875 0.28359375 0.0828125 0.1515625
1 0.934375 0.38828125 0.13125 0.24375