0 0.2921875 0.66875 0.2328125 0.3171875
0 0.24296875 0.5546875 0.1453125 0.18125
0 0.56015625 0.59375 0.209375 0.2234375
0 0.2140625 0.49296875 0.1125 0.140625
0 0.34453125 0.47265625 0.05625 0.05625
0 0.39375 0.51796875 0.1078125 0.19375
0 0.453125 0.45625 0.053125 0.0671875
0 0.525 0.484375 0.0625 0.0671875
0 0.6375 0.49921875 0.0703125 0.0859375
0 0.68359375 0.46328125 0.1296875 0.140625
0 0.790625 0.81328125 0.2765625 0.3734375
0 0.796875 0.59375 0.215625 0.1796875
0 0.9015625 0.56328125 0.1765625 0.1609375
0 0.984375 0.50703125 0.03125 0.0765625