1 0.4359375 0.6453125 0.228125 0.2953125
0 0.3265625 0.54765625 0.1125 0.165625
1 0.11015625 0.48984375 0.115625 0.1609375
0 0.2859375 0.49453125 0.109375 0.128125
0 0.43046875 0.503125 0.0859375 0.1015625
0 0.4984375 0.54296875 0.08125 0.09375
0 0.53828125 0.49609375 0.0765625 0.0875
1 0.65546875 0.646875 0.1640625 0.2140625
1 0.89140625 0.83125 0.2171875 0.3375
1 0.74140625 0.55625 0.06875 0.115625
0 0.80078125 0.5484375 0.0734375 0.1125
1 0.90703125 0.6234375 0.1375 0.1671875
0 0.60546875 0.51796875 0.0671875 0.0984375
0 0.69921875 0.51640625 0.06875 0.084375