0 0.3484375 0.50390625 0.225 0.240625
1 0.12890625 0.45859375 0.15 0.290625
1 0.08203125 0.34140625 0.103125 0.0984375
1 0.2796875 0.36328125 0.115625 0.15
0 0.30703125 0.33671875 0.053125 0.090625
1 0.3765625 0.346875 0.06875 0.109375
0 0.4390625 0.328125 0.0609375 0.0859375
1 0.5140625 0.36796875 0.0765625 0.1046875
0 0.42890625 0.4453125 0.134375 0.1203125
1 0.76015625 0.3578125 0.0765625 0.1078125
0 0.79921875 0.35625 0.078125 0.0765625
0 0.8484375 0.5765625 0.2546875 0.3015625
1 0.82734375 0.428125 0.1109375 0.125
1 0.91640625 0.378125 0.1078125 0.140625