1 0.70234375 0.79609375 0.309375 0.4078125
1 0.21640625 0.646875 0.2484375 0.334375
1 0.10078125 0.5390625 0.146875 0.178125
1 0.07734375 0.46640625 0.1140625 0.146875
1 0.2375 0.46484375 0.0625 0.059375
1 0.27265625 0.48046875 0.10625 0.1875
1 0.3578125 0.45 0.075 0.0921875
1 0.46796875 0.5953125 0.2 0.2171875
1 0.43359375 0.47421875 0.0765625 0.109375
1 0.50390625 0.45234375 0.075 0.1
1 0.5421875 0.49375 0.0515625 0.075
1 0.6015625 0.478125 0.10625 0.103125
1 0.67890625 0.52109375 0.11875 0.153125
1 0.78515625 0.521875 0.10625 0.15
0 0.8703125 0.478125 0.090625 0.103125
1 0.971875 0.55234375 0.05625 0.125